  -2.2000000e+01   1.9614789e-02
  -2.1900000e+01   1.9882548e-02
  -2.1800000e+01   2.0155184e-02
  -2.1700000e+01   2.0432809e-02
  -2.1600000e+01   2.0715538e-02
  -2.1500000e+01   2.1003487e-02
  -2.1400000e+01   2.1296776e-02
  -2.1300000e+01   2.1595530e-02
  -2.1200000e+01   2.1899876e-02
  -2.1100000e+01   2.2209945e-02
  -2.1000000e+01   2.2525870e-02
  -2.0900000e+01   2.2847791e-02
  -2.0800000e+01   2.3175849e-02
  -2.0700000e+01   2.3510191e-02
  -2.0600000e+01   2.3850966e-02
  -2.0500000e+01   2.4198330e-02
  -2.0400000e+01   2.4552441e-02
  -2.0300000e+01   2.4913463e-02
  -2.0200000e+01   2.5281565e-02
  -2.0100000e+01   2.5656920e-02
  -2.0000000e+01   2.6039707e-02
  -1.9900000e+01   2.6430108e-02
  -1.9800000e+01   2.6828314e-02
  -1.9700000e+01   2.7234518e-02
  -1.9600000e+01   2.7648922e-02
  -1.9500000e+01   2.8071732e-02
  -1.9400000e+01   2.8503160e-02
  -1.9300000e+01   2.8943427e-02
  -1.9200000e+01   2.9392757e-02
  -1.9100000e+01   2.9851383e-02
  -1.9000000e+01   3.0319547e-02
  -1.8900000e+01   3.0797494e-02
  -1.8800000e+01   3.1285479e-02
  -1.8700000e+01   3.1783766e-02
  -1.8600000e+01   3.2292626e-02
  -1.8500000e+01   3.2812339e-02
  -1.8400000e+01   3.3343192e-02
  -1.8300000e+01   3.3885484e-02
  -1.8200000e+01   3.4439522e-02
  -1.8100000e+01   3.5005622e-02
  -1.8000000e+01   3.5584112e-02
  -1.7900000e+01   3.6175329e-02
  -1.7800000e+01   3.6779623e-02
  -1.7700000e+01   3.7397354e-02
  -1.7600000e+01   3.8028892e-02
  -1.7500000e+01   3.8674623e-02
  -1.7400000e+01   3.9334944e-02
  -1.7300000e+01   4.0010265e-02
  -1.7200000e+01   4.0701009e-02
  -1.7100000e+01   4.1407615e-02
  -1.7000000e+01   4.2130536e-02
  -1.6900000e+01   4.2870240e-02
  -1.6800000e+01   4.3627212e-02
  -1.6700000e+01   4.4401953e-02
  -1.6600000e+01   4.5194981e-02
  -1.6500000e+01   4.6006832e-02
  -1.6400000e+01   4.6838061e-02
  -1.6300000e+01   4.7689243e-02
  -1.6200000e+01   4.8560972e-02
  -1.6100000e+01   4.9453864e-02
  -1.6000000e+01   5.0368556e-02
  -1.5900000e+01   5.1305710e-02
  -1.5800000e+01   5.2266008e-02
  -1.5700000e+01   5.3250160e-02
  -1.5600000e+01   5.4258900e-02
  -1.5500000e+01   5.5292989e-02
  -1.5400000e+01   5.6353216e-02
  -1.5300000e+01   5.7440400e-02
  -1.5200000e+01   5.8555389e-02
  -1.5100000e+01   5.9699063e-02
  -1.5000000e+01   6.0872335e-02
  -1.4900000e+01   6.2076153e-02
  -1.4800000e+01   6.3311498e-02
  -1.4700000e+01   6.4579393e-02
  -1.4600000e+01   6.5880895e-02
  -1.4500000e+01   6.7217106e-02
  -1.4400000e+01   6.8589166e-02
  -1.4300000e+01   6.9998264e-02
  -1.4200000e+01   7.1445631e-02
  -1.4100000e+01   7.2932548e-02
  -1.4000000e+01   7.4460347e-02
  -1.3900000e+01   7.6030412e-02
  -1.3800000e+01   7.7644181e-02
  -1.3700000e+01   7.9303150e-02
  -1.3600000e+01   8.1008876e-02
  -1.3500000e+01   8.2762978e-02
  -1.3400000e+01   8.4567139e-02
  -1.3300000e+01   8.6423113e-02
  -1.3200000e+01   8.8332724e-02
  -1.3100000e+01   9.0297871e-02
  -1.3000000e+01   9.2320531e-02
  -1.2900000e+01   9.4402764e-02
  -1.2800000e+01   9.6546714e-02
  -1.2700000e+01   9.8754616e-02
  -1.2600000e+01   1.0102880e-01
  -1.2500000e+01   1.0337169e-01
  -1.2400000e+01   1.0578581e-01
  -1.2300000e+01   1.0827381e-01
  -1.2200000e+01   1.1083842e-01
  -1.2100000e+01   1.1348252e-01
  -1.2000000e+01   1.1620910e-01
  -1.1900000e+01   1.1902127e-01
  -1.1800000e+01   1.2192228e-01
  -1.1700000e+01   1.2491554e-01
  -1.1600000e+01   1.2800458e-01
  -1.1500000e+01   1.3119310e-01
  -1.1400000e+01   1.3448495e-01
  -1.1300000e+01   1.3788417e-01
  -1.1200000e+01   1.4139497e-01
  -1.1100000e+01   1.4502172e-01
  -1.1000000e+01   1.4876902e-01
  -1.0900000e+01   1.5264165e-01
  -1.0800000e+01   1.5664461e-01
  -1.0700000e+01   1.6078314e-01
  -1.0600000e+01   1.6506267e-01
  -1.0500000e+01   1.6948891e-01
  -1.0400000e+01   1.7406781e-01
  -1.0300000e+01   1.7880558e-01
  -1.0200000e+01   1.8370872e-01
  -1.0100000e+01   1.8878400e-01
  -1.0000000e+01   1.9403850e-01
  -9.9000000e+00   1.9947962e-01
  -9.8000000e+00   2.0511507e-01
  -9.7000000e+00   2.1095292e-01
  -9.6000000e+00   2.1700157e-01
  -9.5000000e+00   2.2326981e-01
  -9.4000000e+00   2.2976679e-01
  -9.3000000e+00   2.3650207e-01
  -9.2000000e+00   2.4348560e-01
  -9.1000000e+00   2.5072777e-01
  -9.0000000e+00   2.5823940e-01
  -8.9000000e+00   2.6603175e-01
  -8.8000000e+00   2.7411655e-01
  -8.7000000e+00   2.8250599e-01
  -8.6000000e+00   2.9121277e-01
  -8.5000000e+00   3.0025005e-01
  -8.4000000e+00   3.0963151e-01
  -8.3000000e+00   3.1937134e-01
  -8.2000000e+00   3.2948422e-01
  -8.1000000e+00   3.3998537e-01
  -8.0000000e+00   3.5089051e-01
  -7.9000000e+00   3.6221586e-01
  -7.8000000e+00   3.7397814e-01
  -7.7000000e+00   3.8619456e-01
  -7.6000000e+00   3.9888278e-01
  -7.5000000e+00   4.1206093e-01
  -7.4000000e+00   4.2574750e-01
  -7.3000000e+00   4.3996138e-01
  -7.2000000e+00   4.5472176e-01
  -7.1000000e+00   4.7004810e-01
  -7.0000000e+00   4.8596003e-01
  -6.9000000e+00   5.0247729e-01
  -6.8000000e+00   5.1961962e-01
  -6.7000000e+00   5.3740668e-01
  -6.6000000e+00   5.5585788e-01
  -6.5000000e+00   5.7499227e-01
  -6.4000000e+00   5.9482835e-01
  -6.3000000e+00   6.1538393e-01
  -6.2000000e+00   6.3667590e-01
  -6.1000000e+00   6.5872002e-01
  -6.0000000e+00   6.8153068e-01
  -5.9000000e+00   7.0512065e-01
  -5.8000000e+00   7.2950079e-01
  -5.7000000e+00   7.5467977e-01
  -5.6000000e+00   7.8066372e-01
  -5.5000000e+00   8.0745596e-01
  -5.4000000e+00   8.3505663e-01
  -5.3000000e+00   8.6346235e-01
  -5.2000000e+00   8.9266590e-01
  -5.1000000e+00   9.2265588e-01
  -5.0000000e+00   9.5341639e-01
  -4.9000000e+00   9.8492676e-01
  -4.8000000e+00   1.0171612e+00
  -4.7000000e+00   1.0500889e+00
  -4.6000000e+00   1.0836732e+00
  -4.5000000e+00   1.1178723e+00
  -4.4000000e+00   1.1526387e+00
  -4.3000000e+00   1.1879193e+00
  -4.2000000e+00   1.2236558e+00
  -4.1000000e+00   1.2597846e+00
  -4.0000000e+00   1.2962375e+00
  -3.9000000e+00   1.3329416e+00
  -3.8000000e+00   1.3698203e+00
  -3.7000000e+00   1.4067937e+00
  -3.6000000e+00   1.4437791e+00
  -3.5000000e+00   1.4806919e+00
  -3.4000000e+00   1.5174463e+00
  -3.3000000e+00   1.5539559e+00
  -3.2000000e+00   1.5901350e+00
  -3.1000000e+00   1.6258986e+00
  -3.0000000e+00   1.6611637e+00
  -2.9000000e+00   1.6958498e+00
  -2.8000000e+00   1.7298795e+00
  -2.7000000e+00   1.7631789e+00
  -2.6000000e+00   1.7956784e+00
  -2.5000000e+00   1.8273125e+00
  -2.4000000e+00   1.8580208e+00
  -2.3000000e+00   1.8877474e+00
  -2.2000000e+00   1.9164414e+00
  -2.1000000e+00   1.9440571e+00
  -2.0000000e+00   1.9705533e+00
  -1.9000000e+00   1.9958936e+00
  -1.8000000e+00   2.0200463e+00
  -1.7000000e+00   2.0429836e+00
  -1.6000000e+00   2.0646820e+00
  -1.5000000e+00   2.0851214e+00
  -1.4000000e+00   2.1042852e+00
  -1.3000000e+00   2.1221596e+00
  -1.2000000e+00   2.1387335e+00
  -1.1000000e+00   2.1539984e+00
  -1.0000000e+00   2.1679474e+00
  -9.0000000e-01   2.1805754e+00
  -8.0000000e-01   2.1918788e+00
  -7.0000000e-01   2.2018550e+00
  -6.0000000e-01   2.2105025e+00
  -5.0000000e-01   2.2178200e+00
  -4.0000000e-01   2.2238073e+00
  -3.0000000e-01   2.2284640e+00
  -2.0000000e-01   2.2317901e+00
  -1.0000000e-01   2.2337858e+00
   0   2.2344510e+00
   1.0000000e-01   2.2337858e+00
   2.0000000e-01   2.2317901e+00
   3.0000000e-01   2.2284640e+00
   4.0000000e-01   2.2238073e+00
   5.0000000e-01   2.2178200e+00
   6.0000000e-01   2.2105025e+00
   7.0000000e-01   2.2018550e+00
   8.0000000e-01   2.1918788e+00
   9.0000000e-01   2.1805754e+00
   1.0000000e+00   2.1679474e+00
   1.1000000e+00   2.1539984e+00
   1.2000000e+00   2.1387335e+00
   1.3000000e+00   2.1221596e+00
   1.4000000e+00   2.1042852e+00
   1.5000000e+00   2.0851214e+00
   1.6000000e+00   2.0646820e+00
   1.7000000e+00   2.0429836e+00
   1.8000000e+00   2.0200463e+00
   1.9000000e+00   1.9958936e+00
   2.0000000e+00   1.9705533e+00
   2.1000000e+00   1.9440571e+00
   2.2000000e+00   1.9164414e+00
   2.3000000e+00   1.8877474e+00
   2.4000000e+00   1.8580208e+00
   2.5000000e+00   1.8273125e+00
   2.6000000e+00   1.7956784e+00
   2.7000000e+00   1.7631789e+00
   2.8000000e+00   1.7298795e+00
   2.9000000e+00   1.6958498e+00
   3.0000000e+00   1.6611637e+00
   3.1000000e+00   1.6258986e+00
   3.2000000e+00   1.5901350e+00
   3.3000000e+00   1.5539559e+00
   3.4000000e+00   1.5174463e+00
   3.5000000e+00   1.4806919e+00
   3.6000000e+00   1.4437791e+00
   3.7000000e+00   1.4067937e+00
   3.8000000e+00   1.3698203e+00
   3.9000000e+00   1.3329416e+00
   4.0000000e+00   1.2962375e+00
   4.1000000e+00   1.2597846e+00
   4.2000000e+00   1.2236558e+00
   4.3000000e+00   1.1879193e+00
   4.4000000e+00   1.1526387e+00
   4.5000000e+00   1.1178723e+00
   4.6000000e+00   1.0836732e+00
   4.7000000e+00   1.0500889e+00
   4.8000000e+00   1.0171612e+00
   4.9000000e+00   9.8492676e-01
   5.0000000e+00   9.5341639e-01
   5.1000000e+00   9.2265588e-01
   5.2000000e+00   8.9266590e-01
   5.3000000e+00   8.6346235e-01
   5.4000000e+00   8.3505663e-01
   5.5000000e+00   8.0745596e-01
   5.6000000e+00   7.8066372e-01
   5.7000000e+00   7.5467977e-01
   5.8000000e+00   7.2950079e-01
   5.9000000e+00   7.0512065e-01
   6.0000000e+00   6.8153068e-01
   6.1000000e+00   6.5872002e-01
   6.2000000e+00   6.3667590e-01
   6.3000000e+00   6.1538393e-01
   6.4000000e+00   5.9482835e-01
   6.5000000e+00   5.7499227e-01
   6.6000000e+00   5.5585788e-01
   6.7000000e+00   5.3740668e-01
   6.8000000e+00   5.1961962e-01
   6.9000000e+00   5.0247729e-01
   7.0000000e+00   4.8596003e-01
   7.1000000e+00   4.7004810e-01
   7.2000000e+00   4.5472176e-01
   7.3000000e+00   4.3996138e-01
   7.4000000e+00   4.2574750e-01
   7.5000000e+00   4.1206093e-01
   7.6000000e+00   3.9888278e-01
   7.7000000e+00   3.8619456e-01
   7.8000000e+00   3.7397814e-01
   7.9000000e+00   3.6221586e-01
   8.0000000e+00   3.5089051e-01
   8.1000000e+00   3.3998537e-01
   8.2000000e+00   3.2948422e-01
   8.3000000e+00   3.1937134e-01
   8.4000000e+00   3.0963151e-01
   8.5000000e+00   3.0025005e-01
   8.6000000e+00   2.9121277e-01
   8.7000000e+00   2.8250599e-01
   8.8000000e+00   2.7411655e-01
   8.9000000e+00   2.6603175e-01
   9.0000000e+00   2.5823940e-01
   9.1000000e+00   2.5072777e-01
   9.2000000e+00   2.4348560e-01
   9.3000000e+00   2.3650207e-01
   9.4000000e+00   2.2976679e-01
   9.5000000e+00   2.2326981e-01
   9.6000000e+00   2.1700157e-01
   9.7000000e+00   2.1095292e-01
   9.8000000e+00   2.0511507e-01
   9.9000000e+00   1.9947962e-01
   1.0000000e+01   1.9403850e-01
   1.0100000e+01   1.8878400e-01
   1.0200000e+01   1.8370872e-01
   1.0300000e+01   1.7880558e-01
   1.0400000e+01   1.7406781e-01
   1.0500000e+01   1.6948891e-01
   1.0600000e+01   1.6506267e-01
   1.0700000e+01   1.6078314e-01
   1.0800000e+01   1.5664461e-01
   1.0900000e+01   1.5264165e-01
   1.1000000e+01   1.4876902e-01
   1.1100000e+01   1.4502172e-01
   1.1200000e+01   1.4139497e-01
   1.1300000e+01   1.3788417e-01
   1.1400000e+01   1.3448495e-01
   1.1500000e+01   1.3119310e-01
   1.1600000e+01   1.2800458e-01
   1.1700000e+01   1.2491554e-01
   1.1800000e+01   1.2192228e-01
   1.1900000e+01   1.1902127e-01
   1.2000000e+01   1.1620910e-01
   1.2100000e+01   1.1348252e-01
   1.2200000e+01   1.1083842e-01
   1.2300000e+01   1.0827381e-01
   1.2400000e+01   1.0578581e-01
   1.2500000e+01   1.0337169e-01
   1.2600000e+01   1.0102880e-01
   1.2700000e+01   9.8754616e-02
   1.2800000e+01   9.6546714e-02
   1.2900000e+01   9.4402764e-02
   1.3000000e+01   9.2320531e-02
   1.3100000e+01   9.0297871e-02
   1.3200000e+01   8.8332724e-02
   1.3300000e+01   8.6423113e-02
   1.3400000e+01   8.4567139e-02
   1.3500000e+01   8.2762978e-02
   1.3600000e+01   8.1008876e-02
   1.3700000e+01   7.9303150e-02
   1.3800000e+01   7.7644181e-02
   1.3900000e+01   7.6030412e-02
   1.4000000e+01   7.4460347e-02
   1.4100000e+01   7.2932548e-02
   1.4200000e+01   7.1445631e-02
   1.4300000e+01   6.9998264e-02
   1.4400000e+01   6.8589166e-02
   1.4500000e+01   6.7217106e-02
   1.4600000e+01   6.5880895e-02
   1.4700000e+01   6.4579393e-02
   1.4800000e+01   6.3311498e-02
   1.4900000e+01   6.2076153e-02
   1.5000000e+01   6.0872335e-02
   1.5100000e+01   5.9699063e-02
   1.5200000e+01   5.8555389e-02
   1.5300000e+01   5.7440400e-02
   1.5400000e+01   5.6353216e-02
   1.5500000e+01   5.5292989e-02
   1.5600000e+01   5.4258900e-02
   1.5700000e+01   5.3250160e-02
   1.5800000e+01   5.2266008e-02
   1.5900000e+01   5.1305710e-02
   1.6000000e+01   5.0368556e-02
   1.6100000e+01   4.9453864e-02
   1.6200000e+01   4.8560972e-02
   1.6300000e+01   4.7689243e-02
   1.6400000e+01   4.6838061e-02
   1.6500000e+01   4.6006832e-02
   1.6600000e+01   4.5194981e-02
   1.6700000e+01   4.4401953e-02
   1.6800000e+01   4.3627212e-02
   1.6900000e+01   4.2870240e-02
   1.7000000e+01   4.2130536e-02
   1.7100000e+01   4.1407615e-02
   1.7200000e+01   4.0701009e-02
   1.7300000e+01   4.0010265e-02
   1.7400000e+01   3.9334944e-02
   1.7500000e+01   3.8674623e-02
   1.7600000e+01   3.8028892e-02
   1.7700000e+01   3.7397354e-02
   1.7800000e+01   3.6779623e-02
   1.7900000e+01   3.6175329e-02
   1.8000000e+01   3.5584112e-02
   1.8100000e+01   3.5005622e-02
   1.8200000e+01   3.4439522e-02
   1.8300000e+01   3.3885484e-02
   1.8400000e+01   3.3343192e-02
   1.8500000e+01   3.2812339e-02
   1.8600000e+01   3.2292626e-02
   1.8700000e+01   3.1783766e-02
   1.8800000e+01   3.1285479e-02
   1.8900000e+01   3.0797494e-02
   1.9000000e+01   3.0319547e-02
   1.9100000e+01   2.9851383e-02
   1.9200000e+01   2.9392757e-02
   1.9300000e+01   2.8943427e-02
   1.9400000e+01   2.8503160e-02
   1.9500000e+01   2.8071732e-02
   1.9600000e+01   2.7648922e-02
   1.9700000e+01   2.7234518e-02
   1.9800000e+01   2.6828314e-02
   1.9900000e+01   2.6430108e-02
   2.0000000e+01   2.6039707e-02
   2.0100000e+01   2.5656920e-02
   2.0200000e+01   2.5281565e-02
   2.0300000e+01   2.4913463e-02
   2.0400000e+01   2.4552441e-02
   2.0500000e+01   2.4198330e-02
   2.0600000e+01   2.3850966e-02
   2.0700000e+01   2.3510191e-02
   2.0800000e+01   2.3175849e-02
   2.0900000e+01   2.2847791e-02
   2.1000000e+01   2.2525870e-02
   2.1100000e+01   2.2209945e-02
   2.1200000e+01   2.1899876e-02
   2.1300000e+01   2.1595530e-02
   2.1400000e+01   2.1296776e-02
   2.1500000e+01   2.1003487e-02
   2.1600000e+01   2.0715538e-02
   2.1700000e+01   2.0432809e-02
   2.1800000e+01   2.0155184e-02
   2.1900000e+01   1.9882548e-02
   2.2000000e+01   1.9614789e-02
