0	9.3362939e-25
0.01	9.4277335e-25
0.02	9.6920766e-25
0.03	1.0104158e-24
0.04	1.0633437e-24
0.05	1.125171e-24
0.06	1.1936301e-24
0.07	1.2670206e-24
0.08	1.3441058e-24
0.09	1.4239935e-24
0.1	1.5060376e-24
0.11	1.5897656e-24
0.12	1.6748273e-24
0.13	1.7609598e-24
0.14	1.8479628e-24
0.15	1.9356815e-24
0.16	2.0239952e-24
0.17	2.1128079e-24
0.18	2.2020431e-24
0.19	2.2916387e-24
0.2	2.3815443e-24
0.21	2.4717181e-24
0.22	2.5621254e-24
0.23	2.6527373e-24
0.24	2.7435294e-24
0.25	2.8344809e-24
0.26	2.9255742e-24
0.27	3.016794e-24
0.28	3.1081273e-24
0.29	3.1995626e-24
0.3	3.2910901e-24
0.31	3.382701e-24
0.32	3.4743878e-24
0.33	3.5661438e-24
0.34	3.6579628e-24
0.35	3.7498398e-24
0.36	3.8417698e-24
0.37	3.9337488e-24
0.38	4.0257729e-24
0.39	4.1178387e-24
0.4	4.2099431e-24
0.41	4.3020833e-24
0.42	4.3942569e-24
0.43	4.4864615e-24
0.44	4.578695e-24
0.45	4.6709556e-24
0.46	4.7632415e-24
0.47	4.855551e-24
0.48	4.9478828e-24
0.49	5.0402355e-24
0.5	5.1326078e-24
0.51	5.2249987e-24
0.52	5.3174069e-24
0.53	5.4098317e-24
0.54	5.502272e-24
0.55	5.594727e-24
0.56	5.6871959e-24
0.57	5.7796781e-24
0.58	5.8721728e-24
0.59	5.9646794e-24
0.6	6.0571973e-24
0.61	6.149726e-24
0.62	6.2422649e-24
0.63	6.3348135e-24
0.64	6.4273715e-24
0.65	6.5199383e-24
0.66	6.6125136e-24
0.67	6.705097e-24
0.68	6.7976881e-24
0.69	6.8902866e-24
0.7	6.9828923e-24
0.71	7.0755047e-24
0.72	7.1681236e-24
0.73	7.2607488e-24
0.74	7.3533799e-24
0.75	7.4460168e-24
0.76	7.5386593e-24
0.77	7.631307e-24
0.78	7.7239599e-24
0.79	7.8166177e-24
0.8	7.9092802e-24
0.81	8.0019472e-24
0.82	8.0946187e-24
0.83	8.1872944e-24
0.84	8.2799742e-24
0.85	8.3726579e-24
0.86	8.4653454e-24
0.87	8.5580366e-24
0.88	8.6507313e-24
0.89	8.7434295e-24
0.9	8.836131e-24
0.91	8.9288357e-24
0.92	9.0215434e-24
0.93	9.1142542e-24
0.94	9.2069679e-24
0.95	9.2996844e-24
0.96	9.3924036e-24
0.97	9.4851255e-24
0.98	9.57785e-24
0.99	9.6705769e-24
1	9.7633062e-24
1.01	9.8560379e-24
1.02	9.9487718e-24
1.03	1.0041508e-23
1.04	1.0134246e-23
1.05	1.0226987e-23
1.06	1.0319729e-23
1.07	1.0412473e-23
1.08	1.050522e-23
1.09	1.0597968e-23
1.1	1.0690718e-23
1.11	1.0783469e-23
1.12	1.0876223e-23
1.13	1.0968978e-23
1.14	1.1061734e-23
1.15	1.1154493e-23
1.16	1.1247252e-23
1.17	1.1340014e-23
1.18	1.1432776e-23
1.19	1.1525541e-23
1.2	1.1618306e-23
1.21	1.1711073e-23
1.22	1.1803841e-23
1.23	1.1896611e-23
1.24	1.1989382e-23
1.25	1.2082154e-23
1.26	1.2174927e-23
1.27	1.2267701e-23
1.28	1.2360477e-23
1.29	1.2453254e-23
1.3	1.2546031e-23
1.31	1.263881e-23
1.32	1.273159e-23
1.33	1.2824371e-23
1.34	1.2917153e-23
1.35	1.3009935e-23
1.36	1.3102719e-23
1.37	1.3195504e-23
1.38	1.328829e-23
1.39	1.3381076e-23
1.4	1.3473864e-23
1.41	1.3566652e-23
1.42	1.3659441e-23
1.43	1.3752231e-23
1.44	1.3845021e-23
1.45	1.3937813e-23
1.46	1.4030605e-23
1.47	1.4123398e-23
1.48	1.4216192e-23
1.49	1.4308986e-23
1.5	1.4401782e-23
1.51	1.4494577e-23
1.52	1.4587374e-23
1.53	1.4680171e-23
1.54	1.4772969e-23
1.55	1.4865768e-23
1.56	1.4958567e-23
1.57	1.5051367e-23
1.58	1.5144167e-23
1.59	1.5236968e-23
1.6	1.5329769e-23
1.61	1.5422571e-23
1.62	1.5515374e-23
1.63	1.5608177e-23
1.64	1.5700981e-23
1.65	1.5793785e-23
1.66	1.588659e-23
1.67	1.5979396e-23
1.68	1.6072201e-23
1.69	1.6165008e-23
1.7	1.6257815e-23
1.71	1.6350622e-23
1.72	1.644343e-23
1.73	1.6536238e-23
1.74	1.6629047e-23
1.75	1.6721856e-23
1.76	1.6814665e-23
1.77	1.6907475e-23
1.78	1.7000286e-23
1.79	1.7093096e-23
1.8	1.7185908e-23
1.81	1.7278719e-23
1.82	1.7371531e-23
1.83	1.7464344e-23
1.84	1.7557157e-23
1.85	1.764997e-23
1.86	1.7742783e-23
1.87	1.7835597e-23
1.88	1.7928412e-23
1.89	1.8021226e-23
1.9	1.8114041e-23
1.91	1.8206856e-23
1.92	1.8299672e-23
1.93	1.8392488e-23
1.94	1.8485304e-23
1.95	1.8578121e-23
1.96	1.8670938e-23
1.97	1.8763755e-23
1.98	1.8856573e-23
1.99	1.8949391e-23
2	1.9042209e-23
2.01	1.9135027e-23
2.02	1.9227846e-23
2.03	1.9320665e-23
2.04	1.9413484e-23
2.05	1.9506304e-23
2.06	1.9599124e-23
2.07	1.9691944e-23
2.08	1.9784764e-23
2.09	1.9877585e-23
2.1	1.9970406e-23
2.11	2.0063227e-23
2.12	2.0156049e-23
2.13	2.024887e-23
2.14	2.0341692e-23
2.15	2.0434514e-23
2.16	2.0527337e-23
2.17	2.0620159e-23
2.18	2.0712982e-23
2.19	2.0805805e-23
2.2	2.0898628e-23
2.21	2.0991452e-23
2.22	2.1084276e-23
2.23	2.11771e-23
2.24	2.1269924e-23
2.25	2.1362748e-23
2.26	2.1455573e-23
2.27	2.1548397e-23
2.28	2.1641222e-23
2.29	2.1734048e-23
2.3	2.1826873e-23
2.31	2.1919699e-23
2.32	2.2012524e-23
2.33	2.210535e-23
2.34	2.2198176e-23
2.35	2.2291003e-23
2.36	2.2383829e-23
2.37	2.2476656e-23
2.38	2.2569483e-23
2.39	2.266231e-23
2.4	2.2755137e-23
2.41	2.2847964e-23
2.42	2.2940792e-23
2.43	2.3033619e-23
2.44	2.3126447e-23
2.45	2.3219275e-23
2.46	2.3312103e-23
2.47	2.3404932e-23
2.48	2.349776e-23
2.49	2.3590589e-23
2.5	2.3683418e-23
2.51	2.3776247e-23
2.52	2.3869076e-23
2.53	2.3961905e-23
2.54	2.4054734e-23
2.55	2.4147564e-23
2.56	2.4240394e-23
2.57	2.4333223e-23
2.58	2.4426053e-23
2.59	2.4518883e-23
2.6	2.4611714e-23
2.61	2.4704544e-23
2.62	2.4797374e-23
2.63	2.4890205e-23
2.64	2.4983036e-23
2.65	2.5075867e-23
2.66	2.5168698e-23
2.67	2.5261529e-23
2.68	2.535436e-23
2.69	2.5447191e-23
2.7	2.5540023e-23
2.71	2.5632854e-23
2.72	2.5725686e-23
2.73	2.5818518e-23
2.74	2.591135e-23
2.75	2.6004182e-23
2.76	2.6097014e-23
2.77	2.6189847e-23
2.78	2.6282679e-23
2.79	2.6375511e-23
2.8	2.6468344e-23
2.81	2.6561177e-23
2.82	2.665401e-23
2.83	2.6746843e-23
2.84	2.6839676e-23
2.85	2.6932509e-23
2.86	2.7025342e-23
2.87	2.7118175e-23
2.88	2.7211009e-23
2.89	2.7303842e-23
2.9	2.7396676e-23
2.91	2.748951e-23
2.92	2.7582344e-23
2.93	2.7675177e-23
2.94	2.7768011e-23
2.95	2.7860846e-23
2.96	2.795368e-23
2.97	2.8046514e-23
2.98	2.8139348e-23
2.99	2.8232183e-23
