0	2.352926615037102e-025	2.352926615037102e-025	2.352926615037102e-025	-7.058779845111304e-025
0.01	3.280328155037102e-025	1.425525075037101e-025	2.443439534392504e-025	-7.149292764466707e-025
0.02	4.207729695037101e-025	4.981235350371015e-026	2.705269613716514e-025	-7.411122843790718e-025
0.03	5.135131235037102e-025	-4.292780049628984e-026	3.113856458265621e-025	-7.819709688339824e-025
0.04	6.062532775037102e-025	-1.356679544962899e-025	3.639254330604456e-025	-8.345107560678659e-025
0.05	6.989934315037102e-025	-2.284081084962899e-025	4.253653062289065e-025	-8.959506292363268e-025
0.06	7.917335855037101e-025	-3.211482624962898e-025	4.934576716913917e-025	-9.640429946988119e-025
0.07000000000000001	8.844737395037102e-025	-4.1388841649629e-025	5.665094451680299e-025	-1.03709476817545e-024
0.08	9.772138935037101e-025	-5.066285704962899e-025	6.4328440439455e-025	-1.11386972740197e-024
0.09	1.06995404750371e-024	-5.993687244962898e-025	7.228879976151426e-025	-1.193473320622563e-024
0.1	1.16269420150371e-024	-6.921088784962899e-025	8.046708775804107e-025	-1.275256200587831e-024
0.11	1.25543435550371e-024	-7.848490324962899e-025	8.881572136875188e-025	-1.358742536694939e-024
0.12	1.34817450950371e-024	-8.775891864962898e-025	9.729939575721998e-025	-1.44357928057962e-024
0.13	1.44091466350371e-024	-9.703293404962899e-025	1.058915574421439e-024	-1.529500897428859e-024
0.14	1.53365481750371e-024	-1.06306949449629e-024	1.145719588392346e-024	-1.616304911399766e-024
0.15	1.62639497150371e-024	-1.15580964849629e-024	1.233249535069931e-024	-1.703834858077351e-024
0.16	1.71913512550371e-024	-1.24854980249629e-024	1.321382964373303e-024	-1.791968287380723e-024
0.17	1.81187527950371e-024	-1.34128995649629e-024	1.4100229002077e-024	-1.88060822321512e-024
0.18	1.90461543350371e-024	-1.43403011049629e-024	1.49909168556235e-024	-1.96967700856977e-024
0.19	1.99735558750371e-024	-1.52677026449629e-024	1.588526491102622e-024	-2.059111814110042e-024
0.2	2.09009574150371e-024	-1.61951041849629e-024	1.678275997261239e-024	-2.148861320268659e-024
0.21	2.18283589550371e-024	-1.71225057249629e-024	1.768297914070346e-024	-2.238883237077766e-024
0.22	2.27557604950371e-024	-1.80499072649629e-024	1.858557106167972e-024	-2.329142429175392e-024
0.23	2.36831620350371e-024	-1.89773088049629e-024	1.949024160057719e-024	-2.419609483065139e-024
0.24	2.46105635750371e-024	-1.99047103449629e-024	2.039674278181695e-024	-2.510259601189116e-024
0.25	2.55379651150371e-024	-2.08321118849629e-024	2.130486417086432e-024	-2.601071740093852e-024
0.26	2.64653666550371e-024	-2.17595134249629e-024	2.221442609756902e-024	-2.692027932764322e-024
0.27	2.73927681950371e-024	-2.26869149649629e-024	2.312527428248502e-024	-2.783112751255922e-024
0.28	2.83201697350371e-024	-2.36143165049629e-024	2.403727554175183e-024	-2.874312877182603e-024
0.29	2.92475712750371e-024	-2.45417180449629e-024	2.495031432831368e-024	-2.965616755838788e-024
0.3	3.01749728150371e-024	-2.54691195849629e-024	2.586428992695964e-024	-3.057014315703384e-024
0.31	3.11023743550371e-024	-2.63965211249629e-024	2.677911416445501e-024	-3.148496739452921e-024
0.32	3.20297758950371e-024	-2.73239226649629e-024	2.769470952844075e-024	-3.240056275851495e-024
0.33	3.29571774350371e-024	-2.82513242049629e-024	2.861100761297195e-024	-3.331686084304616e-024
0.34	3.38845789750371e-024	-2.91787257449629e-024	2.952794782677979e-024	-3.4233801056854e-024
0.35	3.481198051503711e-024	-3.01061272849629e-024	3.044547631416214e-024	-3.515132954423634e-024
0.36	3.573938205503711e-024	-3.10335288249629e-024	3.136354504897463e-024	-3.606939827904883e-024
0.37	3.66667835950371e-024	-3.19609303649629e-024	3.228211107033138e-024	-3.698796430040558e-024
0.38	3.759418513503711e-024	-3.28883319049629e-024	3.320113583493438e-024	-3.790698906500859e-024
0.39	3.852158667503711e-024	-3.38157334449629e-024	3.412058466587523e-024	-3.882643789594943e-024
0.4	3.944898821503711e-024	-3.47431349849629e-024	3.504042628162081e-024	-3.974627951169502e-024
0.41	4.037638975503711e-024	-3.56705365249629e-024	3.596063239195073e-024	-4.066648562202494e-024
0.42	4.13037912950371e-024	-3.65979380649629e-024	3.688117735004245e-024	-4.158703058011666e-024
0.43	4.22311928350371e-024	-3.752533960496289e-024	3.780203785184037e-024	-4.250789108191458e-024
0.44	4.315859437503711e-024	-3.84527411449629e-024	3.872319267540346e-024	-4.342904590547767e-024
0.45	4.40859959150371e-024	-3.93801426849629e-024	3.964462245418362e-024	-4.435047568425782e-024
0.46	4.501339745503711e-024	-4.03075442249629e-024	4.056630947920729e-024	-4.527216270928149e-024
0.47	4.594079899503711e-024	-4.12349457649629e-024	4.148823752596361e-024	-4.619409075603782e-024
0.48	4.68682005350371e-024	-4.21623473049629e-024	4.241039170248301e-024	-4.711624493255722e-024
0.49	4.779560207503711e-024	-4.30897488449629e-024	4.333275831564864e-024	-4.803861154572285e-024
0.5	4.872300361503711e-024	-4.40171503849629e-024	4.425532475324455e-024	-4.896117798331876e-024
0.51	4.96504051550371e-024	-4.49445519249629e-024	4.517807937962664e-024	-4.988393260970084e-024
0.52	5.057780669503711e-024	-4.58719534649629e-024	4.610101144321964e-024	-5.080686467329385e-024
0.53	5.150520823503711e-024	-4.67993550049629e-024	4.702411099430911e-024	-5.172996422438331e-024
0.54	5.243260977503711e-024	-4.77267565449629e-024	4.794736881181888e-024	-5.265322204189309e-024
0.55	5.336001131503711e-024	-4.86541580849629e-024	4.887077633795112e-024	-5.357662956802533e-024
0.5600000000000001	5.428741285503711e-024	-4.95815596249629e-024	4.979432561972355e-024	-5.450017884979776e-024
0.5700000000000001	5.521481439503711e-024	-5.05089611649629e-024	5.071800925657075e-024	-5.542386248664496e-024
0.58	5.61422159350371e-024	-5.143636270496289e-024	5.164182035328997e-024	-5.634767358336418e-024
0.59	5.70696174750371e-024	-5.23637642449629e-024	5.256575247770699e-024	-5.72716057077812e-024
0.6	5.79970190150371e-024	-5.329116578496289e-024	5.34897996225199e-024	-5.819565285259411e-024
0.61	5.892442055503711e-024	-5.42185673249629e-024	5.441395617084834e-024	-5.911980940092255e-024
0.62	5.98518220950371e-024	-5.51459688649629e-024	5.533821686507572e-024	-6.004407009514993e-024
0.63	6.077922363503711e-024	-5.60733704049629e-024	5.62625767786237e-024	-6.096843000869791e-024
0.64	6.170662517503711e-024	-5.70007719449629e-024	5.718703129034226e-024	-6.189288452041646e-024
0.65	6.263402671503711e-024	-5.79281734849629e-024	5.811157606123752e-024	-6.281742929131173e-024
0.66	6.356142825503711e-024	-5.88555750249629e-024	5.90362070132923e-024	-6.374206024336651e-024
0.67	6.448882979503711e-024	-5.978297656496291e-024	5.996092031016352e-024	-6.466677354023772e-024
0.6800000000000001	6.541623133503711e-024	-6.07103781049629e-024	6.088571233956545e-024	-6.559156556963965e-024
0.6900000000000001	6.634363287503712e-024	-6.163777964496291e-024	6.181057969716972e-024	-6.651643292724392e-024
0.7000000000000001	6.727103441503711e-024	-6.25651811849629e-024	6.273551917187213e-024	-6.744137240194633e-024
0.71	6.81984359550371e-024	-6.349258272496289e-024	6.366052773229293e-024	-6.836638096236713e-024
0.72	6.91258374950371e-024	-6.44199842649629e-024	6.458560251439197e-024	-6.929145574446617e-024
0.73	7.00532390350371e-024	-6.53473858049629e-024	6.551074081009257e-024	-7.021659404016677e-024
0.74	7.098064057503709e-024	-6.62747873449629e-024	6.643594005682033e-024	-7.114179328689453e-024
0.75	7.19080421150371e-024	-6.720218888496291e-024	6.736119782787146e-024	-7.206705105794566e-024
0.76	7.28354436550371e-024	-6.812959042496291e-024	6.828651182353553e-024	-7.299236505360972e-024
0.77	7.376284519503709e-024	-6.90569919649629e-024	6.921187986290448e-024	-7.391773309297868e-024
0.78	7.46902467350371e-024	-6.998439350496291e-024	7.013729987630694e-024	-7.484315310638113e-024
0.79	7.56176482750371e-024	-7.091179504496291e-024	7.106276989831265e-024	-7.576862312838684e-024
0.8	7.654504981503711e-024	-7.183919658496292e-024	7.198828806125792e-024	-7.669414129133211e-024
0.8100000000000001	7.74724513550371e-024	-7.276659812496291e-024	7.291385258924713e-024	-7.761970581932132e-024
0.8200000000000001	7.83998528950371e-024	-7.369399966496291e-024	7.383946179259032e-024	-7.854531502266451e-024
0.8300000000000001	7.932725443503711e-024	-7.462140120496291e-024	7.476511406263979e-024	-7.947096729271399e-024
0.84	8.02546559750371e-024	-7.55488027449629e-024	7.569080786699346e-024	-8.039666109706766e-024
0.85	8.11820575150371e-024	-7.647620428496291e-024	7.661654174503442e-024	-8.132239497510861e-024
0.86	8.210945905503709e-024	-7.74036058249629e-024	7.754231430377966e-024	-8.224816753385385e-024
0.87	8.30368605950371e-024	-7.83310073649629e-024	7.846812421401361e-024	-8.31739774440878e-024
0.88	8.39642621350371e-024	-7.925840890496291e-024	7.939397020668339e-024	-8.409982343675759e-024
0.89	8.489166367503711e-024	-8.018581044496291e-024	8.031985106953584e-024	-8.502570429961003e-024
0.9	8.58190652150371e-024	-8.11132119849629e-024	8.12457656439774e-024	-8.59516188740516e-024
0.91	8.67464667550371e-024	-8.204061352496291e-024	8.217171282213999e-024	-8.687756605221419e-024
0.92	8.767386829503711e-024	-8.296801506496291e-024	8.309769154413694e-024	-8.780354477421113e-024
0.9300000000000001	8.860126983503711e-024	-8.389541660496292e-024	8.402370079549522e-024	-8.872955402556942e-024
0.9400000000000001	8.95286713750371e-024	-8.482281814496291e-024	8.494973960475065e-024	-8.965559283482485e-024
0.9500000000000001	9.045607291503711e-024	-8.575021968496291e-024	8.587580704119423e-024	-9.058166027126842e-024
0.96	9.13834744550371e-024	-8.66776212249629e-024	8.680190221275848e-024	-9.150775544283267e-024
0.97	9.23108759950371e-024	-8.760502276496291e-024	8.772802426403413e-024	-9.243387749410833e-024
0.98	9.323827753503711e-024	-8.853242430496291e-024	8.865417237440739e-024	-9.336002560448158e-024
0.99	9.41656790750371e-024	-8.94598258449629e-024	8.95803457563097e-024	-9.428619898638389e-024
1	9.50930806150371e-024	-9.038722738496291e-024	9.050654365357211e-024	-9.521239688364631e-024
1.01	9.60204821550371e-024	-9.131462892496291e-024	9.143276533987672e-024	-9.613861856995091e-024
1.02	9.694788369503709e-024	-9.22420304649629e-024	9.235901011729903e-024	-9.706486334737322e-024
1.03	9.78752852350371e-024	-9.316943200496291e-024	9.328527731493478e-024	-9.799113054500898e-024
1.04	9.88026867750371e-024	-9.409683354496291e-024	9.421156628760556e-024	-9.891741951767975e-024
1.05	9.973008831503711e-024	-9.502423508496292e-024	9.513787641463822e-024	-9.984372964471241e-024
1.06	1.006574898550371e-023	-9.595163662496291e-024	9.606420709871296e-024	-1.007700603287872e-023
1.07	1.015848913950371e-023	-9.687903816496291e-024	9.699055776477596e-024	-1.016964109948502e-023
1.08	1.025122929350371e-023	-9.780643970496292e-024	9.791692785901185e-024	-1.02622781089086e-023
1.09	1.034396944750371e-023	-9.873384124496292e-024	9.884331684787278e-024	-1.03549170077947e-023
1.1	1.043670960150371e-023	-9.966124278496291e-024	9.976972421716025e-024	-1.044755774472345e-023
1.11	1.052944975550371e-023	-1.005886443249629e-023	1.006961494711562e-023	-1.054020027012304e-023
1.12	1.062218990950371e-023	-1.015160458649629e-023	1.016225921318006e-023	-1.063284453618748e-023
1.13	1.071493006350371e-023	-1.024434474049629e-023	1.025490517379126e-023	-1.072549049679868e-023
1.14	1.080767021750371e-023	-1.033708489449629e-023	1.034755278444525e-023	-1.081813810745267e-023
1.15	1.090041037150371e-023	-1.042982504849629e-023	1.044020200218217e-023	-1.091078732518959e-023
1.16	1.099315052550371e-023	-1.052256520249629e-023	1.053285278551996e-023	-1.100343810852738e-023
1.17	1.108589067950371e-023	-1.061530535649629e-023	1.062550509439137e-023	-1.109609041739879e-023
1.18	1.117863083350371e-023	-1.070804551049629e-023	1.071815889008414e-023	-1.118874421309156e-023
1.19	1.127137098750371e-023	-1.080078566449629e-023	1.08108141351843e-023	-1.128139945819172e-023
1.2	1.136411114150371e-023	-1.089352581849629e-023	1.090347079352215e-023	-1.137405611652956e-023
1.21	1.145685129550371e-023	-1.098626597249629e-023	1.099612883012102e-023	-1.146671415312844e-023
1.22	1.154959144950371e-023	-1.107900612649629e-023	1.108878821114853e-023	-1.155937353415595e-023
1.23	1.164233160350371e-023	-1.117174628049629e-023	1.118144890387012e-023	-1.165203422687754e-023
1.24	1.173507175750371e-023	-1.126448643449629e-023	1.127411087660497e-023	-1.174469619961239e-023
1.25	1.182781191150371e-023	-1.135722658849629e-023	1.136677409868392e-023	-1.183735942169133e-023
1.26	1.192055206550371e-023	-1.144996674249629e-023	1.145943854040942e-023	-1.193002386341684e-023
1.27	1.201329221950371e-023	-1.154270689649629e-023	1.15521041730174e-023	-1.202268949602482e-023
1.28	1.210603237350371e-023	-1.163544705049629e-023	1.164477096864086e-023	-1.211535629164828e-023
1.29	1.219877252750371e-023	-1.172818720449629e-023	1.173743890027522e-023	-1.220802422328264e-023
1.3	1.229151268150371e-023	-1.182092735849629e-023	1.183010794174519e-023	-1.230069326475261e-023
1.31	1.238425283550371e-023	-1.191366751249629e-023	1.192277806767319e-023	-1.239336339068061e-023
1.32	1.247699298950371e-023	-1.200640766649629e-023	1.201544925344925e-023	-1.248603457645667e-023
1.33	1.256973314350371e-023	-1.209914782049629e-023	1.210812147520216e-023	-1.257870679820958e-023
1.34	1.266247329750371e-023	-1.219188797449629e-023	1.220079470977201e-023	-1.267138003277943e-023
1.35	1.275521345150371e-023	-1.228462812849629e-023	1.229346893468385e-023	-1.276405425769127e-023
1.36	1.284795360550371e-023	-1.237736828249629e-023	1.238614412812262e-023	-1.285672945113004e-023
1.37	1.294069375950371e-023	-1.247010843649629e-023	1.247882026890908e-023	-1.29494055919165e-023
1.38	1.303343391350371e-023	-1.256284859049629e-023	1.257149733647682e-023	-1.304208265948424e-023
1.39	1.312617406750371e-023	-1.265558874449629e-023	1.266417531085029e-023	-1.313476063385771e-023
1.4	1.321891422150371e-023	-1.274832889849629e-023	1.27568541726237e-023	-1.322743949563112e-023
1.41	1.331165437550371e-023	-1.284106905249629e-023	1.284953390294089e-023	-1.332011922594831e-023
1.42	1.340439452950371e-023	-1.293380920649629e-023	1.294221448347599e-023	-1.341279980648341e-023
1.43	1.349713468350371e-023	-1.302654936049629e-023	1.303489589641494e-023	-1.350548121942236e-023
1.44	1.358987483750371e-023	-1.311928951449629e-023	1.312757812443772e-023	-1.359816344744514e-023
1.45	1.368261499150371e-023	-1.321202966849629e-023	1.322026115070137e-023	-1.369084647370879e-023
1.46	1.377535514550371e-023	-1.330476982249629e-023	1.331294495882368e-023	-1.37835302818311e-023
1.47	1.386809529950371e-023	-1.339750997649629e-023	1.340562953286753e-023	-1.387621485587495e-023
1.48	1.396083545350371e-023	-1.349025013049629e-023	1.34983148573259e-023	-1.396890018033332e-023
1.49	1.405357560750371e-023	-1.358299028449629e-023	1.359100091710746e-023	-1.406158624011488e-023
1.5	1.414631576150371e-023	-1.367573043849629e-023	1.368368769752272e-023	-1.415427302053015e-023
1.51	1.423905591550371e-023	-1.376847059249629e-023	1.377637518427078e-023	-1.42469605072782e-023
1.52	1.433179606950371e-023	-1.386121074649629e-023	1.386906336342652e-023	-1.433964868643394e-023
1.53	1.442453622350371e-023	-1.395395090049629e-023	1.396175222142839e-023	-1.443233754443581e-023
1.54	1.451727637750371e-023	-1.404669105449629e-023	1.405444174506659e-023	-1.452502706807402e-023
1.55	1.461001653150371e-023	-1.413943120849629e-023	1.414713192147179e-023	-1.461771724447921e-023
1.56	1.470275668550371e-023	-1.423217136249629e-023	1.423982273810414e-023	-1.471040806111156e-023
1.57	1.479549683950371e-023	-1.432491151649629e-023	1.433251418274291e-023	-1.480309950575033e-023
1.58	1.488823699350371e-023	-1.441765167049629e-023	1.442520624347633e-023	-1.489579156648375e-023
1.59	1.498097714750371e-023	-1.451039182449629e-023	1.451789890869191e-023	-1.498848423169933e-023
1.6	1.507371730150371e-023	-1.460313197849629e-023	1.461059216706711e-023	-1.508117749007453e-023
1.61	1.516645745550371e-023	-1.469587213249629e-023	1.470328600756033e-023	-1.517387133056775e-023
1.62	1.525919760950371e-023	-1.478861228649629e-023	1.479598041940227e-023	-1.52665657424097e-023
1.63	1.535193776350371e-023	-1.488135244049629e-023	1.48886753920876e-023	-1.535926071509503e-023
1.64	1.544467791750371e-023	-1.497409259449629e-023	1.498137091536689e-023	-1.545195623837431e-023
1.65	1.553741807150371e-023	-1.506683274849629e-023	1.507406697923887e-023	-1.554465230224629e-023
1.66	1.563015822550371e-023	-1.515957290249629e-023	1.516676357394301e-023	-1.563734889695043e-023
1.67	1.572289837950371e-023	-1.525231305649629e-023	1.525946068995227e-023	-1.573004601295969e-023
1.68	1.581563853350371e-023	-1.534505321049629e-023	1.53521583179662e-023	-1.582274364097362e-023
1.69	1.590837868750371e-023	-1.543779336449629e-023	1.544485644890421e-023	-1.591544177191164e-023
1.7	1.600111884150371e-023	-1.553053351849629e-023	1.553755507389916e-023	-1.600814039690658e-023
1.71	1.609385899550371e-023	-1.562327367249629e-023	1.563025418429105e-023	-1.610083950729848e-023
1.72	1.618659914950371e-023	-1.571601382649629e-023	1.572295377162111e-023	-1.619353909462853e-023
1.73	1.627933930350371e-023	-1.580875398049629e-023	1.581565382762588e-023	-1.62862391506333e-023
1.74	1.637207945750371e-023	-1.590149413449629e-023	1.59083543442317e-023	-1.637893966723912e-023
1.75	1.646481961150371e-023	-1.599423428849629e-023	1.600105531354925e-023	-1.647164063655667e-023
1.76	1.655755976550371e-023	-1.608697444249629e-023	1.60937567278683e-023	-1.656434205087573e-023
1.77	1.665029991950371e-023	-1.617971459649629e-023	1.618645857965272e-023	-1.665704390266014e-023
1.78	1.674304007350371e-023	-1.627245475049629e-023	1.627916086153552e-023	-1.674974618454294e-023
1.79	1.683578022750371e-023	-1.636519490449629e-023	1.637186356631418e-023	-1.684244888932161e-023
1.8	1.692852038150371e-023	-1.645793505849629e-023	1.64645666869461e-023	-1.693515200995352e-023
1.81	1.702126053550371e-023	-1.655067521249629e-023	1.655727021654412e-023	-1.702785553955155e-023
1.82	1.711400068950371e-023	-1.664341536649629e-023	1.664997414837234e-023	-1.712055947137976e-023
1.83	1.720674084350371e-023	-1.673615552049629e-023	1.674267847584191e-023	-1.721326379884934e-023
1.84	1.729948099750371e-023	-1.682889567449629e-023	1.683538319250712e-023	-1.730596851551455e-023
1.85	1.739222115150371e-023	-1.692163582849629e-023	1.692808829206146e-023	-1.739867361506888e-023
1.86	1.748496130550371e-023	-1.701437598249629e-023	1.702079376833393e-023	-1.749137909134135e-023
1.87	1.757770145950371e-023	-1.710711613649629e-023	1.711349961528541e-023	-1.758408493829283e-023
1.88	1.767044161350371e-023	-1.719985629049629e-023	1.720620582700515e-023	-1.767679115001257e-023
1.89	1.776318176750371e-023	-1.729259644449629e-023	1.729891239770737e-023	-1.77694977207148e-023
1.9	1.785592192150371e-023	-1.738533659849629e-023	1.739161932172801e-023	-1.786220464473544e-023
1.91	1.794866207550371e-023	-1.747807675249629e-023	1.748432659352151e-023	-1.795491191652894e-023
1.92	1.804140222950371e-023	-1.757081690649629e-023	1.757703420765775e-023	-1.804761953066517e-023
1.93	1.813414238350371e-023	-1.766355706049629e-023	1.766974215881902e-023	-1.814032748182644e-023
1.94	1.822688253750371e-023	-1.775629721449629e-023	1.776245044179721e-023	-1.823303576480463e-023
1.95	1.831962269150371e-023	-1.784903736849629e-023	1.78551590514909e-023	-1.832574437449833e-023
1.96	1.841236284550371e-023	-1.794177752249629e-023	1.794786798290275e-023	-1.841845330591017e-023
1.97	1.850510299950371e-023	-1.803451767649629e-023	1.804057723113674e-023	-1.851116255414416e-023
1.98	1.859784315350371e-023	-1.812725783049629e-023	1.813328679139573e-023	-1.860387211440315e-023
1.99	1.869058330750371e-023	-1.821999798449629e-023	1.82259966589789e-023	-1.869658198198632e-023
2	1.878332346150371e-023	-1.831273813849629e-023	1.831870682927937e-023	-1.878929215228679e-023
2.01	1.887606361550371e-023	-1.840547829249629e-023	1.841141729778187e-023	-1.88820026207893e-023
2.02	1.896880376950371e-023	-1.849821844649629e-023	1.850412806006048e-023	-1.89747133830679e-023
2.03	1.906154392350372e-023	-1.859095860049629e-023	1.859683911177641e-023	-1.906742443478383e-023
2.04	1.915428407750371e-023	-1.868369875449629e-023	1.868955044867587e-023	-1.916013577168329e-023
2.05	1.924702423150371e-023	-1.877643890849629e-023	1.878226206658803e-023	-1.925284738959545e-023
2.06	1.933976438550371e-023	-1.886917906249629e-023	1.887497396142297e-023	-1.934555928443039e-023
2.07	1.943250453950371e-023	-1.896191921649629e-023	1.896768612916974e-023	-1.943827145217716e-023
2.08	1.952524469350371e-023	-1.905465937049629e-023	1.906039856589447e-023	-1.953098388890189e-023
2.09	1.961798484750371e-023	-1.914739952449629e-023	1.915311126773852e-023	-1.962369659074594e-023
2.1	1.971072500150371e-023	-1.924013967849629e-023	1.92458242309167e-023	-1.971640955392412e-023
2.11	1.980346515550371e-023	-1.933287983249629e-023	1.933853745171552e-023	-1.980912277472295e-023
2.12	1.989620530950371e-023	-1.942561998649629e-023	1.943125092649152e-023	-1.990183624949894e-023
2.13	1.998894546350371e-023	-1.951836014049629e-023	1.952396465166958e-023	-1.999454997467701e-023
2.14	2.008168561750371e-023	-1.961110029449629e-023	1.96166786237414e-023	-2.008726394674882e-023
2.15	2.017442577150371e-023	-1.970384044849629e-023	1.970939283926386e-023	-2.017997816227129e-023
2.16	2.026716592550371e-023	-1.979658060249629e-023	1.98021072948576e-023	-2.027269261786502e-023
2.17	2.035990607950371e-023	-1.988932075649629e-023	1.989482198720546e-023	-2.036540731021288e-023
2.18	2.045264623350371e-023	-1.998206091049629e-023	1.998753691305116e-023	-2.045812223605858e-023
2.19	2.054538638750371e-023	-2.007480106449629e-023	2.008025206919781e-023	-2.055083739220524e-023
2.2	2.063812654150371e-023	-2.016754121849629e-023	2.017296745250664e-023	-2.064355277551406e-023
2.21	2.073086669550371e-023	-2.026028137249629e-023	2.026568305989563e-023	-2.073626838290305e-023
2.22	2.082360684950371e-023	-2.035302152649629e-023	2.035839888833825e-023	-2.082898421134567e-023
2.23	2.091634700350371e-023	-2.044576168049629e-023	2.045111493486224e-023	-2.092170025786966e-023
2.24	2.100908715750371e-023	-2.053850183449629e-023	2.054383119654839e-023	-2.101441651955581e-023
2.25	2.110182731150371e-023	-2.063124198849629e-023	2.063654767052932e-023	-2.110713299353674e-023
2.26	2.119456746550371e-023	-2.072398214249629e-023	2.072926435398839e-023	-2.119984967699581e-023
2.27	2.128730761950371e-023	-2.081672229649629e-023	2.082198124415857e-023	-2.129256656716599e-023
2.28	2.138004777350371e-023	-2.090946245049629e-023	2.091469833832133e-023	-2.138528366132875e-023
2.29	2.147278792750371e-023	-2.100220260449629e-023	2.100741563380559e-023	-2.147800095681301e-023
2.3	2.156552808150371e-023	-2.109494275849629e-023	2.11001331279867e-023	-2.157071845099412e-023
2.31	2.165826823550371e-023	-2.118768291249629e-023	2.119285081828545e-023	-2.166343614129287e-023
2.32	2.175100838950371e-023	-2.128042306649629e-023	2.128556870216704e-023	-2.175615402517446e-023
2.33	2.184374854350371e-023	-2.137316322049629e-023	2.137828677714019e-023	-2.184887210014761e-023
2.34	2.193648869750371e-023	-2.146590337449629e-023	2.147100504075616e-023	-2.194159036376358e-023
2.35	2.202922885150371e-023	-2.155864352849629e-023	2.156372349060787e-023	-2.20343088136153e-023
2.36	2.212196900550371e-023	-2.165138368249629e-023	2.165644212432903e-023	-2.212702744733645e-023
2.37	2.221470915950371e-023	-2.174412383649629e-023	2.174916093959324e-023	-2.221974626260066e-023
2.38	2.230744931350371e-023	-2.183686399049629e-023	2.184187993411319e-023	-2.231246525712061e-023
2.39	2.240018946750371e-023	-2.192960414449629e-023	2.193459910563983e-023	-2.240518442864725e-023
2.4	2.249292962150371e-023	-2.202234429849629e-023	2.202731845196157e-023	-2.2497903774969e-023
2.41	2.258566977550371e-023	-2.211508445249629e-023	2.212003797090352e-023	-2.259062329391094e-023
2.42	2.267840992950371e-023	-2.220782460649629e-023	2.221275766032669e-023	-2.268334298333411e-023
2.43	2.277115008350371e-023	-2.230056476049629e-023	2.23054775181273e-023	-2.277606284113472e-023
2.44	2.286389023750371e-023	-2.239330491449629e-023	2.239819754223604e-023	-2.286878286524346e-023
2.45	2.295663039150371e-023	-2.248604506849629e-023	2.249091773061736e-023	-2.296150305362478e-023
2.46	2.304937054550371e-023	-2.257878522249629e-023	2.258363808126879e-023	-2.305422340427621e-023
2.47	2.314211069950371e-023	-2.267152537649629e-023	2.267635859222028e-023	-2.31469439152277e-023
2.48	2.323485085350371e-023	-2.276426553049629e-023	2.276907926153354e-023	-2.323966458454096e-023
2.49	2.332759100750371e-023	-2.285700568449629e-023	2.286180008730137e-023	-2.333238541030879e-023
2.5	2.342033116150371e-023	-2.294974583849629e-023	2.295452106764712e-023	-2.342510639065454e-023
2.51	2.351307131550371e-023	-2.304248599249629e-023	2.304724220072398e-023	-2.351782752373141e-023
2.52	2.360581146950371e-023	-2.313522614649629e-023	2.313996348471449e-023	-2.361054880772191e-023
2.53	2.369855162350372e-023	-2.322796630049629e-023	2.323268491782987e-023	-2.370327024083729e-023
2.54	2.379129177750371e-023	-2.332070645449629e-023	2.33254064983095e-023	-2.379599182131692e-023
2.55	2.388403193150371e-023	-2.341344660849629e-023	2.341812822442038e-023	-2.38887135474278e-023
2.56	2.397677208550371e-023	-2.350618676249629e-023	2.351085009445658e-023	-2.3981435417464e-023
2.57	2.406951223950371e-023	-2.359892691649629e-023	2.360357210673869e-023	-2.407415742974611e-023
2.58	2.416225239350371e-023	-2.369166707049629e-023	2.369629425961332e-023	-2.416687958262074e-023
2.59	2.425499254750371e-023	-2.378440722449629e-023	2.378901655145262e-023	-2.425960187446004e-023
2.6	2.434773270150371e-023	-2.387714737849629e-023	2.388173898065377e-023	-2.435232430366119e-023
2.61	2.444047285550371e-023	-2.396988753249629e-023	2.39744615456385e-023	-2.444504686864592e-023
2.62	2.453321300950371e-023	-2.406262768649629e-023	2.406718424485261e-023	-2.453776956786004e-023
2.63	2.462595316350371e-023	-2.415536784049629e-023	2.415990707676555e-023	-2.463049239977298e-023
2.64	2.471869331750371e-023	-2.424810799449629e-023	2.425263003986994e-023	-2.472321536287736e-023
2.65	2.481143347150371e-023	-2.434084814849629e-023	2.434535313268114e-023	-2.481593845568856e-023
2.66	2.490417362550371e-023	-2.443358830249629e-023	2.443807635373682e-023	-2.490866167674425e-023
2.67	2.499691377950371e-023	-2.452632845649629e-023	2.453079970159656e-023	-2.500138502460398e-023
2.68	2.508965393350371e-023	-2.461906861049629e-023	2.462352317484142e-023	-2.509410849784884e-023
2.69	2.518239408750371e-023	-2.471180876449629e-023	2.471624677207355e-023	-2.518683209508098e-023
2.7	2.527513424150371e-023	-2.480454891849629e-023	2.480897049191581e-023	-2.527955581492324e-023
2.71	2.536787439550371e-023	-2.489728907249629e-023	2.490169433301137e-023	-2.53722796560188e-023
2.72	2.546061454950371e-023	-2.499002922649629e-023	2.499441829402334e-023	-2.546500361703077e-023
2.73	2.555335470350371e-023	-2.508276938049629e-023	2.508714237363442e-023	-2.555772769664185e-023
2.74	2.564609485750371e-023	-2.517550953449629e-023	2.517986657054653e-023	-2.565045189355395e-023
2.75	2.573883501150371e-023	-2.526824968849629e-023	2.527259088348045e-023	-2.574317620648787e-023
2.76	2.583157516550371e-023	-2.536098984249629e-023	2.53653153111755e-023	-2.583590063418292e-023
2.77	2.592431531950371e-023	-2.545372999649629e-023	2.545803985238922e-023	-2.592862517539664e-023
2.78	2.601705547350371e-023	-2.554647015049629e-023	2.555076450589697e-023	-2.60213498289044e-023
2.79	2.610979562750371e-023	-2.563921030449629e-023	2.564348927049171e-023	-2.611407459349914e-023
2.8	2.620253578150371e-023	-2.573195045849629e-023	2.573621414498361e-023	-2.620679946799103e-023
2.81	2.629527593550371e-023	-2.582469061249629e-023	2.582893912819978e-023	-2.62995244512072e-023
2.82	2.638801608950372e-023	-2.591743076649629e-023	2.592166421898394e-023	-2.639224954199136e-023
2.83	2.648075624350371e-023	-2.601017092049629e-023	2.601438941619617e-023	-2.648497473920359e-023
2.84	2.657349639750371e-023	-2.610291107449629e-023	2.610711471871259e-023	-2.657770004172001e-023
2.85	2.666623655150371e-023	-2.619565122849629e-023	2.619984012542509e-023	-2.667042544843252e-023
2.86	2.675897670550371e-023	-2.628839138249629e-023	2.629256563524105e-023	-2.676315095824848e-023
2.87	2.685171685950371e-023	-2.638113153649629e-023	2.638529124708308e-023	-2.685587657009051e-023
2.88	2.694445701350371e-023	-2.647387169049629e-023	2.647801695988872e-023	-2.694860228289615e-023
2.89	2.703719716750371e-023	-2.656661184449629e-023	2.657074277261025e-023	-2.704132809561767e-023
2.9	2.712993732150371e-023	-2.665935199849629e-023	2.666346868421436e-023	-2.713405400722178e-023
2.91	2.722267747550372e-023	-2.675209215249629e-023	2.675619469368196e-023	-2.722678001668938e-023
2.92	2.731541762950371e-023	-2.684483230649629e-023	2.684892080000791e-023	-2.731950612301533e-023
2.93	2.740815778350371e-023	-2.693757246049629e-023	2.694164700220077e-023	-2.741223232520819e-023
2.94	2.750089793750371e-023	-2.703031261449629e-023	2.703437329928263e-023	-2.750495862229005e-023
2.95	2.759363809150371e-023	-2.712305276849629e-023	2.712709969028878e-023	-2.75976850132962e-023
2.96	2.768637824550371e-023	-2.721579292249629e-023	2.721982617426756e-023	-2.769041149727499e-023
2.97	2.777911839950371e-023	-2.730853307649629e-023	2.731255275028015e-023	-2.778313807328758e-023
2.98	2.787185855350371e-023	-2.740127323049629e-023	2.74052794174003e-023	-2.787586474040772e-023
2.99	2.796459870750371e-023	-2.749401338449629e-023	2.749800617471414e-023	-2.796859149772156e-023
3	2.805733886150371e-023	-2.758675353849629e-023	2.759073302132e-023	-2.806131834432742e-023
3.01	2.815007901550371e-023	-2.767949369249629e-023	2.768345995632817e-023	-2.815404527933559e-023
3.02	2.824281916950371e-023	-2.777223384649629e-023	2.777618697886075e-023	-2.824677230186817e-023
3.03	2.833555932350372e-023	-2.786497400049629e-023	2.78689140880514e-023	-2.833949941105882e-023
3.04	2.842829947750371e-023	-2.795771415449629e-023	2.796164128304517e-023	-2.843222660605259e-023
3.05	2.852103963150371e-023	-2.805045430849629e-023	2.805436856299833e-023	-2.852495388600575e-023
3.06	2.861377978550371e-023	-2.814319446249629e-023	2.814709592707819e-023	-2.861768125008561e-023
3.07	2.870651993950372e-023	-2.82359346164963e-023	2.823982337446288e-023	-2.87104086974703e-023
3.08	2.879926009350371e-023	-2.832867477049629e-023	2.83325509043412e-023	-2.880313622734863e-023
3.09	2.889200024750371e-023	-2.842141492449629e-023	2.842527851591248e-023	-2.88958638389199e-023
3.1	2.898474040150371e-023	-2.851415507849629e-023	2.851800620838635e-023	-2.898859153139377e-023
3.11	2.907748055550371e-023	-2.860689523249629e-023	2.86107339809826e-023	-2.908131930399002e-023
3.12	2.917022070950371e-023	-2.869963538649629e-023	2.870346183293104e-023	-2.917404715593846e-023
3.13	2.926296086350371e-023	-2.879237554049629e-023	2.879618976347129e-023	-2.926677508647871e-023
3.14	2.935570101750371e-023	-2.888511569449629e-023	2.888891777185267e-023	-2.935950309486009e-023
3.15	2.944844117150371e-023	-2.897785584849629e-023	2.898164585733404e-023	-2.945223118034146e-023
3.16	2.954118132550371e-023	-2.907059600249629e-023	2.907437401918364e-023	-2.954495934219106e-023
3.17	2.963392147950371e-023	-2.916333615649629e-023	2.916710225667889e-023	-2.963768757968631e-023
3.18	2.972666163350371e-023	-2.925607631049629e-023	2.925983056910637e-023	-2.973041589211379e-023
3.19	2.981940178750371e-023	-2.934881646449629e-023	2.935255895576155e-023	-2.982314427876897e-023
3.2	2.991214194150372e-023	-2.944155661849629e-023	2.944528741594873e-023	-2.991587273895615e-023
3.21	3.000488209550372e-023	-2.953429677249629e-023	2.953801594898086e-023	-3.000860127198828e-023
3.22	3.009762224950371e-023	-2.962703692649629e-023	2.963074455417942e-023	-3.010132987718685e-023
3.23	3.019036240350371e-023	-2.971977708049629e-023	2.972347323087433e-023	-3.019405855388176e-023
3.24	3.028310255750371e-023	-2.981251723449629e-023	2.981620197840373e-023	-3.028678730141115e-023
3.25	3.037584271150371e-023	-2.990525738849629e-023	2.990893079611392e-023	-3.037951611912135e-023
3.26	3.046858286550371e-023	-2.999799754249629e-023	3.000165968335922e-023	-3.047224500636665e-023
3.27	3.056132301950372e-023	-3.009073769649629e-023	3.009438863950187e-023	-3.056497396250929e-023
3.28	3.065406317350371e-023	-3.018347785049629e-023	3.018711766391184e-023	-3.065770298691926e-023
3.29	3.074680332750371e-023	-3.027621800449629e-023	3.027984675596679e-023	-3.075043207897421e-023
3.3	3.083954348150371e-023	-3.036895815849629e-023	3.03725759150519e-023	-3.084316123805933e-023
3.31	3.093228363550371e-023	-3.046169831249629e-023	3.046530514055981e-023	-3.093589046356723e-023
3.32	3.102502378950372e-023	-3.055443846649629e-023	3.055803443189044e-023	-3.102861975489786e-023
3.33	3.111776394350371e-023	-3.064717862049629e-023	3.065076378845093e-023	-3.112134911145835e-023
3.34	3.121050409750371e-023	-3.073991877449629e-023	3.074349320965553e-023	-3.121407853266296e-023
3.35	3.130324425150371e-023	-3.083265892849628e-023	3.083622269492545e-023	-3.130680801793287e-023
3.36	3.139598440550371e-023	-3.092539908249629e-023	3.092895224368884e-023	-3.139953756669626e-023
3.37	3.148872455950371e-023	-3.101813923649629e-023	3.102168185538058e-023	-3.1492267178388e-023
3.38	3.158146471350371e-023	-3.111087939049629e-023	3.111441152944227e-023	-3.158499685244969e-023
3.39	3.167420486750371e-023	-3.120361954449629e-023	3.120714126532208e-023	-3.16777265883295e-023
3.4	3.176694502150371e-023	-3.129635969849629e-023	3.12998710624747e-023	-3.177045638548212e-023
3.41	3.185968517550371e-023	-3.138909985249629e-023	3.139260092036116e-023	-3.186318624336859e-023
3.42	3.195242532950371e-023	-3.148184000649629e-023	3.148533083844885e-023	-3.195591616145628e-023
3.43	3.204516548350371e-023	-3.157458016049629e-023	3.157806081621134e-023	-3.204864613921876e-023
3.44	3.213790563750371e-023	-3.166732031449629e-023	3.167079085312832e-023	-3.214137617613574e-023
3.45	3.223064579150371e-023	-3.176006046849629e-023	3.176352094868551e-023	-3.223410627169293e-023
3.46	3.232338594550371e-023	-3.185280062249629e-023	3.185625110237459e-023	-3.232683642538201e-023
3.47	3.241612609950371e-023	-3.194554077649629e-023	3.194898131369307e-023	-3.241956663670049e-023
3.48	3.250886625350371e-023	-3.203828093049629e-023	3.204171158214427e-023	-3.251229690515169e-023
3.49	3.260160640750372e-023	-3.213102108449629e-023	3.213444190723718e-023	-3.26050272302446e-023
3.5	3.269434656150372e-023	-3.222376123849629e-023	3.222717228848638e-023	-3.269775761149381e-023
3.51	3.278708671550371e-023	-3.231650139249629e-023	3.231990272541203e-023	-3.279048804841945e-023
3.52	3.287982686950371e-023	-3.240924154649629e-023	3.24126332175397e-023	-3.288321854054712e-023
3.53	3.297256702350371e-023	-3.250198170049629e-023	3.250536376440035e-023	-3.297594908740777e-023
3.54	3.306530717750371e-023	-3.259472185449629e-023	3.259809436553023e-023	-3.306867968853765e-023
3.55	3.315804733150371e-023	-3.268746200849629e-023	3.269082502047083e-023	-3.316141034347826e-023
3.56	3.325078748550372e-023	-3.278020216249629e-023	3.278355572876879e-023	-3.325414105177621e-023
3.57	3.334352763950371e-023	-3.287294231649629e-023	3.28762864899758e-023	-3.334687181298322e-023
3.58	3.343626779350371e-023	-3.296568247049629e-023	3.296901730364859e-023	-3.343960262665602e-023
3.59	3.352900794750371e-023	-3.305842262449629e-023	3.306174816934881e-023	-3.353233349235623e-023
3.6	3.362174810150371e-023	-3.315116277849629e-023	3.315447908664299e-023	-3.362506440965041e-023
3.61	3.371448825550371e-023	-3.324390293249629e-023	3.324721005510245e-023	-3.371779537810987e-023
3.62	3.380722840950372e-023	-3.333664308649629e-023	3.333994107430326e-023	-3.381052639731069e-023
3.63	3.389996856350371e-023	-3.342938324049629e-023	3.343267214382614e-023	-3.390325746683357e-023
3.64	3.399270871750371e-023	-3.352212339449629e-023	3.352540326325644e-023	-3.399598858626386e-023
3.65	3.408544887150371e-023	-3.361486354849629e-023	3.361813443218404e-023	-3.408871975519146e-023
3.66	3.417818902550371e-023	-3.370760370249629e-023	3.371086565020329e-023	-3.418145097321072e-023
3.67	3.427092917950371e-023	-3.380034385649629e-023	3.380359691691299e-023	-3.427418223992041e-023
3.68	3.436366933350371e-023	-3.389308401049629e-023	3.389632823191627e-023	-3.436691355492369e-023
3.69	3.445640948750371e-023	-3.398582416449629e-023	3.39890595948206e-023	-3.445964491782802e-023
3.7	3.454914964150371e-023	-3.407856431849629e-023	3.408179100523763e-023	-3.455237632824505e-023
3.71	3.464188979550371e-023	-3.417130447249629e-023	3.417452246278324e-023	-3.464510778579066e-023
3.72	3.473462994950371e-023	-3.426404462649629e-023	3.426725396707745e-023	-3.473783929008487e-023
3.73	3.482737010350371e-023	-3.435678478049629e-023	3.435998551774433e-023	-3.483057084075175e-023
3.74	3.492011025750372e-023	-3.444952493449629e-023	3.445271711441196e-023	-3.492330243741939e-023
3.75	3.501285041150371e-023	-3.454226508849629e-023	3.454544875671242e-023	-3.501603407971985e-023
3.76	3.510559056550371e-023	-3.463500524249629e-023	3.463818044428168e-023	-3.51087657672891e-023
3.77	3.519833071950371e-023	-3.472774539649629e-023	3.473091217675957e-023	-3.520149749976699e-023
3.78	3.529107087350372e-023	-3.482048555049629e-023	3.482364395378974e-023	-3.529422927679717e-023
3.79	3.538381102750371e-023	-3.491322570449629e-023	3.49163757750196e-023	-3.538696109802702e-023
3.8	3.547655118150371e-023	-3.500596585849629e-023	3.500910764010026e-023	-3.547969296310769e-023
3.81	3.556929133550371e-023	-3.509870601249629e-023	3.510183954868652e-023	-3.557242487169394e-023
3.82	3.566203148950371e-023	-3.519144616649629e-023	3.519457150043675e-023	-3.566515682344417e-023
3.83	3.575477164350371e-023	-3.528418632049629e-023	3.528730349501292e-023	-3.575788881802034e-023
3.84	3.584751179750371e-023	-3.537692647449629e-023	3.53800355320805e-023	-3.585062085508793e-023
3.85	3.594025195150372e-023	-3.546966662849629e-023	3.547276761130847e-023	-3.59433529343159e-023
3.86	3.603299210550371e-023	-3.556240678249629e-023	3.556549973236919e-023	-3.603608505537661e-023
3.87	3.612573225950371e-023	-3.565514693649629e-023	3.565823189493845e-023	-3.612881721794588e-023
3.88	3.621847241350371e-023	-3.574788709049629e-023	3.575096409869535e-023	-3.622154942170278e-023
3.89	3.631121256750371e-023	-3.584062724449629e-023	3.584369634332231e-023	-3.631428166632974e-023
3.9	3.640395272150371e-023	-3.593336739849629e-023	3.5936428628505e-023	-3.640701395151242e-023
3.91	3.649669287550372e-023	-3.602610755249629e-023	3.602916095393229e-023	-3.649974627693972e-023
3.92	3.658943302950371e-023	-3.611884770649629e-023	3.612189331929626e-023	-3.659247864230368e-023
3.93	3.668217318350371e-023	-3.621158786049629e-023	3.621462572429206e-023	-3.668521104729948e-023
3.94	3.677491333750371e-023	-3.630432801449629e-023	3.630735816861803e-023	-3.677794349162545e-023
3.95	3.686765349150371e-023	-3.639706816849629e-023	3.640009065197547e-023	-3.687067597498289e-023
3.96	3.696039364550371e-023	-3.648980832249629e-023	3.649282317406874e-023	-3.696340849707616e-023
3.97	3.705313379950371e-023	-3.658254847649629e-023	3.658555573460519e-023	-3.705614105761261e-023
3.98	3.714587395350371e-023	-3.667528863049629e-023	3.667828833329508e-023	-3.714887365630251e-023
3.99	3.723861410750371e-023	-3.676802878449629e-023	3.67710209698516e-023	-3.724160629285902e-023
4	3.733135426150371e-023	-3.686076893849629e-023	3.686375364399078e-023	-3.733433896699821e-023
4.01	3.742409441550371e-023	-3.695350909249629e-023	3.695648635543152e-023	-3.742707167843894e-023
4.02	3.751683456950371e-023	-3.704624924649629e-023	3.704921910389547e-023	-3.751980442690289e-023
4.03	3.760957472350372e-023	-3.713898940049629e-023	3.71419518891071e-023	-3.761253721211452e-023
4.04	3.770231487750371e-023	-3.723172955449629e-023	3.723468471079354e-023	-3.770527003380096e-023
4.05	3.779505503150371e-023	-3.732446970849629e-023	3.732741756868466e-023	-3.779800289169208e-023
4.06	3.788779518550371e-023	-3.741720986249628e-023	3.742015046251298e-023	-3.789073578552041e-023
4.07	3.798053533950372e-023	-3.75099500164963e-023	3.751288339201368e-023	-3.79834687150211e-023
4.08	3.807327549350371e-023	-3.760269017049629e-023	3.760561635692444e-023	-3.807620167993186e-023
4.09	3.816601564750371e-023	-3.769543032449629e-023	3.769834935698561e-023	-3.816893467999303e-023
4.1	3.825875580150371e-023	-3.778817047849629e-023	3.779108239194003e-023	-3.826166771494745e-023
4.11	3.835149595550371e-023	-3.788091063249629e-023	3.788381546153304e-023	-3.835440078454046e-023
4.12	3.844423610950371e-023	-3.797365078649629e-023	3.797654856551245e-023	-3.844713388851988e-023
4.13	3.853697626350371e-023	-3.806639094049629e-023	3.806928170362853e-023	-3.853986702663595e-023
4.14	3.862971641750371e-023	-3.815913109449629e-023	3.816201487563393e-023	-3.863260019864136e-023
4.15	3.872245657150372e-023	-3.825187124849629e-023	3.825474808128373e-023	-3.872533340429115e-023
4.16	3.881519672550371e-023	-3.834461140249629e-023	3.834748132033531e-023	-3.881806664334273e-023
4.17	3.890793687950371e-023	-3.843735155649629e-023	3.844021459254842e-023	-3.891079991555584e-023
4.18	3.900067703350371e-023	-3.853009171049629e-023	3.85329478976851e-023	-3.900353322069252e-023
4.19	3.909341718750372e-023	-3.86228318644963e-023	3.862568123550964e-023	-3.909626655851707e-023
4.2	3.918615734150372e-023	-3.871557201849629e-023	3.87184146057886e-023	-3.918899992879602e-023
4.21	3.927889749550372e-023	-3.880831217249629e-023	3.881114800829075e-023	-3.928173333129817e-023
4.22	3.937163764950371e-023	-3.890105232649629e-023	3.890388144278703e-023	-3.937446676579445e-023
4.23	3.946437780350372e-023	-3.89937924804963e-023	3.899661490905059e-023	-3.946720023205801e-023
4.24	3.955711795750371e-023	-3.908653263449629e-023	3.908934840685667e-023	-3.955993372986409e-023
4.25	3.964985811150371e-023	-3.917927278849629e-023	3.918208193598266e-023	-3.965266725899008e-023
4.26	3.974259826550371e-023	-3.927201294249629e-023	3.927481549620803e-023	-3.974540081921545e-023
4.27	3.983533841950371e-023	-3.936475309649629e-023	3.936754908731431e-023	-3.983813441032173e-023
4.28	3.992807857350371e-023	-3.945749325049629e-023	3.946028270908508e-023	-3.993086803209251e-023
4.29	4.002081872750371e-023	-3.955023340449629e-023	3.955301636130593e-023	-4.002360168431336e-023
4.3	4.011355888150371e-023	-3.964297355849629e-023	3.964575004376445e-023	-4.011633536677188e-023
4.31	4.020629903550371e-023	-3.973571371249629e-023	3.97384837562502e-023	-4.020906907925762e-023
4.32	4.029903918950372e-023	-3.982845386649629e-023	3.983121749855469e-023	-4.030180282156211e-023
4.33	4.039177934350372e-023	-3.992119402049629e-023	3.992395127047132e-023	-4.039453659347875e-023
4.34	4.048451949750371e-023	-4.001393417449629e-023	4.001668507179547e-023	-4.048727039480289e-023
4.35	4.057725965150371e-023	-4.010667432849629e-023	4.010941890232432e-023	-4.058000422533175e-023
4.36	4.066999980550372e-023	-4.01994144824963e-023	4.020215276185698e-023	-4.067273808486441e-023
4.37	4.076273995950371e-023	-4.029215463649629e-023	4.029488665019435e-023	-4.076547197320177e-023
4.38	4.085548011350371e-023	-4.038489479049629e-023	4.038762056713917e-023	-4.085820589014659e-023
4.39	4.094822026750371e-023	-4.047763494449629e-023	4.048035451249595e-023	-4.095093983550337e-023
4.4	4.104096042150371e-023	-4.057037509849629e-023	4.057308848607103e-023	-4.104367380907845e-023
4.41	4.113370057550371e-023	-4.066311525249629e-023	4.066582248767245e-023	-4.113640781067988e-023
4.42	4.122644072950371e-023	-4.075585540649629e-023	4.075855651711003e-023	-4.122914184011745e-023
4.43	4.131918088350371e-023	-4.084859556049629e-023	4.085129057419527e-023	-4.132187589720269e-023
4.44	4.141192103750372e-023	-4.094133571449629e-023	4.09440246587414e-023	-4.141460998174882e-023
4.45	4.150466119150372e-023	-4.103407586849629e-023	4.103675877056331e-023	-4.150734409357073e-023
4.46	4.159740134550371e-023	-4.112681602249629e-023	4.112949290947754e-023	-4.160007823248496e-023
4.47	4.169014149950371e-023	-4.121955617649629e-023	4.12222270753023e-023	-4.169281239830972e-023
4.48	4.178288165350372e-023	-4.13122963304963e-023	4.131496126785742e-023	-4.178554659086484e-023
4.49	4.187562180750372e-023	-4.140503648449629e-023	4.14076954869643e-023	-4.187828080997172e-023
4.5	4.196836196150371e-023	-4.149777663849629e-023	4.150042973244597e-023	-4.197101505545339e-023
