   0    9.3e-25
   1.0000000000000000e-02   9.3362938518607489e-25
   2.0000000000000000e-02   9.4277334736922042e-25
   2.9999999999999999e-02   9.6920765886866020e-25
   4.0000000000000001e-02   1.0104157519567292e-24
   5.0000000000000003e-02   1.0633437351305156e-24
   5.9999999999999998e-02   1.1251710194490013e-24
   7.0000000000000007e-02   1.1936300579390903e-24
   8.0000000000000002e-02   1.2670205818279262e-24
   8.9999999999999997e-02   1.3441058202698913e-24
   1.0000000000000001e-01   1.4239935410357389e-24
   1.1000000000000000e-01   1.5060376430627188e-24
   1.2000000000000000e-01   1.5897655825837649e-24
   1.3000000000000000e-01   1.6748272875399067e-24
   1.4000000000000001e-01   1.7609597870244201e-24
   1.4999999999999999e-01   1.8479627617741082e-24
   1.6000000000000000e-01   1.9356815416422057e-24
   1.7000000000000001e-01   2.0239951635532621e-24
   1.7999999999999999e-01   2.1128078838655368e-24
   1.9000000000000000e-01   2.2020430694824275e-24
   2.0000000000000001e-01   2.2916387449005997e-24
   2.0999999999999999e-01   2.3815443057419654e-24
   2.2000000000000000e-01   2.4717180640127011e-24
   2.3000000000000001e-01   2.5621253935778990e-24
   2.3999999999999999e-01   2.6527373138824219e-24
   2.5000000000000000e-01   2.7435293972802271e-24
   2.6000000000000001e-01   2.8344809179052838e-24
   2.7000000000000002e-01   2.9255741826816985e-24
   2.8000000000000003e-01   3.0167940010167365e-24
   2.8999999999999998e-01   3.1081272610612613e-24
   2.9999999999999999e-01   3.1995625885722194e-24
   3.1000000000000000e-01   3.2910900703280645e-24
   3.2000000000000001e-01   3.3827010283841398e-24
   3.3000000000000002e-01   3.4743878346624752e-24
   3.4000000000000002e-01   3.5661437577638928e-24
   3.5000000000000003e-01   3.6579628356913037e-24
   3.5999999999999999e-01   3.7498397695392084e-24
   3.7000000000000000e-01   3.8417698342484875e-24
   3.8000000000000000e-01   3.9337488033293435e-24
   3.9000000000000001e-01   4.0257728850783856e-24
   4.0000000000000002e-01   4.1178386683019691e-24
   4.1000000000000003e-01   4.2099430759397234e-24
   4.1999999999999998e-01   4.3020833252837050e-24
   4.2999999999999999e-01   4.3942568937282165e-24
   4.4000000000000000e-01   4.4864614891767116e-24
   4.5000000000000001e-01   4.5786950243858402e-24
   4.6000000000000002e-01   4.6709555946507733e-24
   4.7000000000000003e-01   4.7632414583364525e-24
   4.7999999999999998e-01   4.8555510198413773e-24
   4.8999999999999999e-01   4.9478828146475666e-24
   5.0000000000000000e-01   5.0402354961654162e-24
   5.1000000000000001e-01   5.1326078241276071e-24
   5.2000000000000002e-01   5.2249986543239175e-24
   5.3000000000000003e-01   5.3174069294999919e-24
   5.4000000000000004e-01   5.4098316712693509e-24
   5.5000000000000004e-01   5.5022719729096750e-24
   5.6000000000000005e-01   5.5947269929328750e-24
   5.7000000000000006e-01   5.6871959493338350e-24
   5.7999999999999996e-01   5.7796781144359039e-24
   5.8999999999999997e-01   5.8721728102622425e-24
   5.9999999999999998e-01   5.9646794043716140e-24
   6.0999999999999999e-01   6.0571973061052031e-24
   6.2000000000000000e-01   6.1497259631980403e-24
   6.3000000000000000e-01   6.2422648587143624e-24
   6.4000000000000001e-01   6.3348135082714772e-24
   6.5000000000000002e-01   6.4273714575209193e-24
   6.6000000000000003e-01   6.5199382798595940e-24
   6.7000000000000004e-01   6.6125135743467799e-24
   6.8000000000000005e-01   6.7050969638057554e-24
   6.9000000000000006e-01   6.7976880930912537e-24
   7.0000000000000007e-01   6.8902866275061210e-24
   7.0999999999999996e-01   6.9828922513524061e-24
   7.1999999999999997e-01   7.0755046666037790e-24
   7.2999999999999998e-01   7.1681235916876039e-24
   7.3999999999999999e-01   7.2607487603662268e-24
   7.5000000000000000e-01   7.3533799207082541e-24
   7.6000000000000001e-01   7.4460168341413986e-24
   7.7000000000000002e-01   7.5386592745795567e-24
   7.8000000000000003e-01   7.6313070276173592e-24
   7.9000000000000004e-01   7.7239598897861894e-24
   8.0000000000000004e-01   7.8166176678663379e-24
   8.1000000000000005e-01   7.9092801782503333e-24
   8.2000000000000006e-01   8.0019472463531375e-24
   8.3000000000000007e-01   8.0946187060651706e-24
   8.3999999999999997e-01   8.1872943992446355e-24
   8.4999999999999998e-01   8.2799741752458774e-24
   8.5999999999999999e-01   8.3726578904807906e-24
   8.7000000000000000e-01   8.4653454080106764e-24
   8.8000000000000000e-01   8.5580365971660398e-24
   8.9000000000000001e-01   8.6507313331921945e-24
   9.0000000000000002e-01   8.7434294969185855e-24
   9.1000000000000003e-01   8.8361309744500649e-24
   9.2000000000000004e-01   8.9288356568783814e-24
   9.3000000000000005e-01   9.0215434400124135e-24
   9.4000000000000006e-01   9.1142542241256787e-24
   9.5000000000000007e-01   9.2069679137199270e-24
   9.5999999999999996e-01   9.2996844173035326e-24
   9.6999999999999997e-01   9.3924036471837104e-24
   9.7999999999999998e-01   9.4851255192715014e-24
   9.8999999999999999e-01   9.5778499528986556e-24
   1.0000000000000000e+00   9.6705768706455400e-24
   1.0100000000000000e+00   9.7633061981793535e-24
   1.0200000000000000e+00   9.8560378641018740e-24
   1.0300000000000000e+00   9.9487717998061745e-24
   1.0400000000000000e+00   1.0041507939341579e-23
   1.0500000000000000e+00   1.0134246219286458e-23
   1.0600000000000001e+00   1.0226986578628182e-23
   1.0700000000000001e+00   1.0319728958649907e-23
   1.0800000000000001e+00   1.0412473302823657e-23
   1.0900000000000001e+00   1.0505219556709306e-23
   1.1000000000000001e+00   1.0597967667859133e-23
   1.1100000000000001e+00   1.0690717585727548e-23
   1.1200000000000001e+00   1.0783469261585678e-23
   1.1300000000000001e+00   1.0876222648440490e-23
   1.1400000000000001e+00   1.0968977700958279e-23
   1.1500000000000001e+00   1.1061734375392022e-23
   1.1599999999999999e+00   1.1154492629512671e-23
   1.1699999999999999e+00   1.1247252422543862e-23
   1.1799999999999999e+00   1.1340013715100039e-23
   1.1899999999999999e+00   1.1432776469127658e-23
   1.2000000000000000e+00   1.1525540647849399e-23
   1.2100000000000000e+00   1.1618306215711113e-23
   1.2200000000000000e+00   1.1711073138331429e-23
   1.2300000000000000e+00   1.1803841382453799e-23
   1.2400000000000000e+00   1.1896610915900896e-23
   1.2500000000000000e+00   1.1989381707531209e-23
   1.2600000000000000e+00   1.2082153727197710e-23
   1.2700000000000000e+00   1.2174926945708485e-23
   1.2800000000000000e+00   1.2267701334789222e-23
   1.2900000000000000e+00   1.2360476867047462e-23
   1.3000000000000000e+00   1.2453253515938476e-23
   1.3100000000000001e+00   1.2546031255732752e-23
   1.3200000000000001e+00   1.2638810061484944e-23
   1.3300000000000001e+00   1.2731589909004246e-23
   1.3400000000000001e+00   1.2824370774826061e-23
   1.3500000000000001e+00   1.2917152636184985e-23
   1.3600000000000001e+00   1.3009935470988962e-23
   1.3700000000000001e+00   1.3102719257794579e-23
   1.3800000000000001e+00   1.3195503975783427e-23
   1.3900000000000001e+00   1.3288289604739530e-23
   1.4000000000000001e+00   1.3381076125027687e-23
   1.4099999999999999e+00   1.3473863517572806e-23
   1.4199999999999999e+00   1.3566651763840039e-23
   1.4299999999999999e+00   1.3659440845815838e-23
   1.4399999999999999e+00   1.3752230745989725e-23
   1.4500000000000000e+00   1.3845021447336887e-23
   1.4600000000000000e+00   1.3937812933301431e-23
   1.4700000000000000e+00   1.4030605187780380e-23
   1.4800000000000000e+00   1.4123398195108289e-23
   1.4900000000000000e+00   1.4216191940042468e-23
   1.5000000000000000e+00   1.4308986407748855e-23
   1.5100000000000000e+00   1.4401781583788389e-23
   1.5200000000000000e+00   1.4494577454103969e-23
   1.5300000000000000e+00   1.4587374005007903e-23
   1.5400000000000000e+00   1.4680171223169862e-23
   1.5500000000000000e+00   1.4772969095605288e-23
   1.5600000000000001e+00   1.4865767609664263e-23
   1.5700000000000001e+00   1.4958566753020803e-23
   1.5800000000000001e+00   1.5051366513662547e-23
   1.5900000000000001e+00   1.5144166879880867e-23
   1.6000000000000001e+00   1.5236967840261306e-23
   1.6100000000000001e+00   1.5329769383674424e-23
   1.6200000000000001e+00   1.5422571499266937e-23
   1.6300000000000001e+00   1.5515374176453235e-23
   1.6400000000000001e+00   1.5608177404907133e-23
   1.6500000000000001e+00   1.5700981174554039e-23
   1.6600000000000001e+00   1.5793785475563287e-23
   1.6699999999999999e+00   1.5886590298340822e-23
   1.6799999999999999e+00   1.5979395633522129e-23
   1.6899999999999999e+00   1.6072201471965399e-23
   1.7000000000000000e+00   1.6165007804744967e-23
   1.7100000000000000e+00   1.6257814623144933e-23
   1.7200000000000000e+00   1.6350621918653073e-23
   1.7300000000000000e+00   1.6443429682954897e-23
   1.7400000000000000e+00   1.6536237907927957e-23
   1.7500000000000000e+00   1.6629046585636325e-23
   1.7600000000000000e+00   1.6721855708325282e-23
   1.7700000000000000e+00   1.6814665268416175e-23
   1.7800000000000000e+00   1.6907475258501431e-23
   1.7900000000000000e+00   1.7000285671339790e-23
   1.8000000000000000e+00   1.7093096499851629e-23
   1.8100000000000001e+00   1.7185907737114510e-23
   1.8200000000000001e+00   1.7278719376358814e-23
   1.8300000000000001e+00   1.7371531410963581e-23
   1.8400000000000001e+00   1.7464343834452406e-23
   1.8500000000000001e+00   1.7557156640489564e-23
   1.8600000000000001e+00   1.7649969822876184e-23
   1.8700000000000001e+00   1.7742783375546588e-23
   1.8800000000000001e+00   1.7835597292564709e-23
   1.8900000000000001e+00   1.7928411568120686e-23
   1.9000000000000001e+00   1.8021226196527491e-23
   1.9100000000000001e+00   1.8114041172217727e-23
   1.9199999999999999e+00   1.8206856489740496e-23
   1.9299999999999999e+00   1.8299672143758340e-23
   1.9399999999999999e+00   1.8392488129044351e-23
   1.9500000000000000e+00   1.8485304440479285e-23
   1.9600000000000000e+00   1.8578121073048830e-23
   1.9700000000000000e+00   1.8670938021840914e-23
   1.9800000000000000e+00   1.8763755282043125e-23
   1.9900000000000000e+00   1.8856572848940194e-23
   2.0000000000000000e+00   1.8949390717911551e-23
   2.0100000000000002e+00   1.9042208884428964e-23
   2.0200000000000000e+00   1.9135027344054244e-23
   2.0300000000000002e+00   1.9227846092437014e-23
   2.0400000000000000e+00   1.9320665125312575e-23
   2.0499999999999998e+00   1.9413484438499750e-23
   2.0600000000000001e+00   1.9506304027898899e-23
   2.0699999999999998e+00   1.9599123889489957e-23
   2.0800000000000001e+00   1.9691944019330430e-23
   2.0899999999999999e+00   1.9784764413553626e-23
   2.1000000000000001e+00   1.9877585068366785e-23
   2.1099999999999999e+00   1.9970405980049331e-23
   2.1200000000000001e+00   2.0063227144951197e-23
   2.1299999999999999e+00   2.0156048559491101e-23
   2.1400000000000001e+00   2.0248870220155007e-23
   2.1499999999999999e+00   2.0341692123494484e-23
   2.1600000000000001e+00   2.0434514266125221e-23
   2.1699999999999999e+00   2.0527336644725546e-23
   2.1800000000000002e+00   2.0620159256034970e-23
   2.1899999999999999e+00   2.0712982096852789e-23
   2.2000000000000002e+00   2.0805805164036722e-23
   2.2100000000000000e+00   2.0898628454501563e-23
   2.2200000000000002e+00   2.0991451965217952e-23
   2.2300000000000000e+00   2.1084275693211048e-23
   2.2400000000000002e+00   2.1177099635559330e-23
   2.2500000000000000e+00   2.1269923789393421e-23
   2.2600000000000002e+00   2.1362748151894952e-23
   2.2700000000000000e+00   2.1455572720295361e-23
   2.2800000000000002e+00   2.1548397491874862e-23
   2.2900000000000000e+00   2.1641222463961359e-23
   2.3000000000000003e+00   2.1734047633929398e-23
   2.3100000000000001e+00   2.1826872999199151e-23
   2.3199999999999998e+00   2.1919698557235442e-23
   2.3300000000000001e+00   2.2012524305546775e-23
   2.3399999999999999e+00   2.2105350241684415e-23
   2.3500000000000001e+00   2.2198176363241446e-23
   2.3599999999999999e+00   2.2291002667851899e-23
   2.3700000000000001e+00   2.2383829153189874e-23
   2.3799999999999999e+00   2.2476655816968747e-23
   2.3900000000000001e+00   2.2569482656940246e-23
   2.3999999999999999e+00   2.2662309670893755e-23
   2.4100000000000001e+00   2.2755136856655429e-23
   2.4199999999999999e+00   2.2847964212087543e-23
   2.4300000000000002e+00   2.2940791735087640e-23
   2.4399999999999999e+00   2.3033619423587877e-23
   2.4500000000000002e+00   2.3126447275554282e-23
   2.4600000000000000e+00   2.3219275288986081e-23
   2.4700000000000002e+00   2.3312103461914998e-23
   2.4800000000000000e+00   2.3404931792404644e-23
   2.4900000000000002e+00   2.3497760278549829e-23
   2.5000000000000000e+00   2.3590588918475944e-23
   2.5100000000000002e+00   2.3683417710338374e-23
   2.5200000000000000e+00   2.3776246652321878e-23
   2.5300000000000002e+00   2.3869075742640017e-23
   2.5400000000000000e+00   2.3961904979534588e-23
   2.5500000000000003e+00   2.4054734361275039e-23
   2.5600000000000001e+00   2.4147563886157985e-23
   2.5699999999999998e+00   2.4240393552506612e-23
   2.5800000000000001e+00   2.4333223358670204e-23
   2.5899999999999999e+00   2.4426053303023645e-23
   2.6000000000000001e+00   2.4518883383966862e-23
   2.6099999999999999e+00   2.4611713599924432e-23
   2.6200000000000001e+00   2.4704543949345034e-23
   2.6299999999999999e+00   2.4797374430701035e-23
   2.6400000000000001e+00   2.4890205042488020e-23
   2.6499999999999999e+00   2.4983035783224360e-23
   2.6600000000000001e+00   2.5075866651450780e-23
   2.6699999999999999e+00   2.5168697645729933e-23
   2.6800000000000002e+00   2.5261528764646010e-23
   2.6899999999999999e+00   2.5354360006804307e-23
   2.7000000000000002e+00   2.5447191370830858e-23
   2.7100000000000000e+00   2.5540022855372052e-23
   2.7200000000000002e+00   2.5632854459094229e-23
   2.7300000000000000e+00   2.5725686180683365e-23
   2.7400000000000002e+00   2.5818518018844628e-23
   2.7500000000000000e+00   2.5911349972302144e-23
   2.7600000000000002e+00   2.6004182039798535e-23
   2.7700000000000000e+00   2.6097014220094678e-23
   2.7800000000000002e+00   2.6189846511969310e-23
   2.7900000000000000e+00   2.6282678914218743e-23
   2.8000000000000003e+00   2.6375511425656539e-23
   2.8100000000000001e+00   2.6468344045113213e-23
   2.8199999999999998e+00   2.6561176771435887e-23
   2.8300000000000001e+00   2.6654009603488073e-23
   2.8399999999999999e+00   2.6746842540149312e-23
   2.8500000000000001e+00   2.6839675580314921e-23
   2.8599999999999999e+00   2.6932508722895734e-23
   2.8700000000000001e+00   2.7025341966817772e-23
   2.8799999999999999e+00   2.7118175311022092e-23
   2.8900000000000001e+00   2.7211008754464360e-23
   2.8999999999999999e+00   2.7303842296114773e-23
   2.9100000000000001e+00   2.7396675934957656e-23
   2.9199999999999999e+00   2.7489509669991360e-23
   2.9300000000000002e+00   2.7582343500227899e-23
   2.9399999999999999e+00   2.7675177424692794e-23
   2.9500000000000002e+00   2.7768011442424801e-23
   2.9600000000000000e+00   2.7860845552475739e-23
   2.9700000000000002e+00   2.7953679753910207e-23
   2.9800000000000000e+00   2.8046514045805396e-23
   2.9900000000000002e+00   2.8139348427250884e-23
   3.0000000000000000e+00   2.8232182897348453e-23
   3.0099999999999998e+00   2.8325010819142818e-23
   3.0199999999999996e+00   2.8417838740937188e-23
   3.0299999999999998e+00   2.8510666662731558e-23
   3.0399999999999996e+00   2.8603494584525928e-23
   3.0499999999999998e+00   2.8696322506320298e-23
   3.0599999999999996e+00   2.8789150428114662e-23
   3.0699999999999998e+00   2.8881978349909038e-23
   3.0799999999999996e+00   2.8974806271703402e-23
   3.0899999999999999e+00   2.9067634193497772e-23
   3.0999999999999996e+00   2.9160462115292142e-23
   3.1099999999999999e+00   2.9253290037086512e-23
   3.1199999999999997e+00   2.9346117958880876e-23
   3.1299999999999999e+00   2.9438945880675252e-23
   3.1399999999999997e+00   2.9531773802469616e-23
   3.1499999999999999e+00   2.9624601724263986e-23
   3.1599999999999997e+00   2.9717429646058356e-23
   3.1699999999999999e+00   2.9810257567852726e-23
   3.1799999999999997e+00   2.9903085489647096e-23
   3.1899999999999999e+00   2.9995913411441466e-23
   3.1999999999999997e+00   3.0088741333235830e-23
   3.2100000000000000e+00   3.0181569255030200e-23
   3.2199999999999998e+00   3.0274397176824570e-23
   3.2300000000000000e+00   3.0367225098618940e-23
   3.2399999999999998e+00   3.0460053020413310e-23
   3.2500000000000000e+00   3.0552880942207680e-23
   3.2599999999999998e+00   3.0645708864002045e-23
   3.2699999999999996e+00   3.0738536785796415e-23
   3.2799999999999998e+00   3.0831364707590785e-23
   3.2900000000000000e+00   3.0924192629385155e-23
   3.2999999999999998e+00   3.1017020551179525e-23
   3.3099999999999996e+00   3.1109848472973889e-23
   3.3199999999999998e+00   3.1202676394768259e-23
   3.3299999999999996e+00   3.1295504316562629e-23
   3.3399999999999999e+00   3.1388332238356999e-23
   3.3499999999999996e+00   3.1481160160151363e-23
   3.3599999999999999e+00   3.1573988081945739e-23
   3.3699999999999997e+00   3.1666816003740103e-23
   3.3799999999999999e+00   3.1759643925534473e-23
   3.3899999999999997e+00   3.1852471847328843e-23
   3.3999999999999999e+00   3.1945299769123213e-23
   3.4099999999999997e+00   3.2038127690917583e-23
   3.4199999999999999e+00   3.2130955612711953e-23
   3.4299999999999997e+00   3.2223783534506317e-23
   3.4399999999999999e+00   3.2316611456300687e-23
   3.4499999999999997e+00   3.2409439378095057e-23
   3.4600000000000000e+00   3.2502267299889427e-23
   3.4699999999999998e+00   3.2595095221683797e-23
   3.4800000000000000e+00   3.2687923143478167e-23
   3.4899999999999998e+00   3.2780751065272532e-23
   3.5000000000000000e+00   3.2873578987066902e-23
   3.5099999999999998e+00   3.2966406908861272e-23
   3.5199999999999996e+00   3.3059234830655642e-23
   3.5299999999999998e+00   3.3152062752450012e-23
   3.5400000000000000e+00   3.3244890674244382e-23
   3.5499999999999998e+00   3.3337718596038746e-23
   3.5599999999999996e+00   3.3430546517833116e-23
   3.5699999999999998e+00   3.3523374439627486e-23
   3.5800000000000001e+00   3.3616202361421856e-23
   3.5899999999999999e+00   3.3709030283216226e-23
   3.5999999999999996e+00   3.3801858205010590e-23
   3.6099999999999999e+00   3.3894686126804960e-23
   3.6199999999999997e+00   3.3987514048599330e-23
   3.6299999999999999e+00   3.4080341970393700e-23
   3.6399999999999997e+00   3.4173169892188070e-23
   3.6499999999999999e+00   3.4265997813982440e-23
   3.6599999999999997e+00   3.4358825735776804e-23
   3.6699999999999999e+00   3.4451653657571180e-23
   3.6799999999999997e+00   3.4544481579365544e-23
   3.6899999999999999e+00   3.4637309501159914e-23
   3.6999999999999997e+00   3.4730137422954284e-23
   3.7100000000000000e+00   3.4822965344748654e-23
   3.7199999999999998e+00   3.4915793266543019e-23
   3.7299999999999995e+00   3.5008621188337389e-23
   3.7399999999999998e+00   3.5101449110131759e-23
   3.7500000000000000e+00   3.5194277031926129e-23
   3.7599999999999998e+00   3.5287104953720499e-23
   3.7700000000000000e+00   3.5379932875514869e-23
   3.7800000000000002e+00   3.5472760797309239e-23
   3.7900000000000000e+00   3.5565588719103609e-23
   3.7999999999999998e+00   3.5658416640897973e-23
   3.8100000000000001e+00   3.5751244562692343e-23
   3.8199999999999998e+00   3.5844072484486713e-23
   3.8300000000000001e+00   3.5936900406281083e-23
   3.8399999999999999e+00   3.6029728328075447e-23
   3.8500000000000001e+00   3.6122556249869823e-23
   3.8599999999999999e+00   3.6215384171664187e-23
   3.8700000000000001e+00   3.6308212093458557e-23
   3.8799999999999999e+00   3.6401040015252927e-23
   3.8900000000000001e+00   3.6493867937047297e-23
   3.8999999999999999e+00   3.6586695858841667e-23
   3.9100000000000001e+00   3.6679523780636037e-23
   3.9199999999999999e+00   3.6772351702430401e-23
   3.9299999999999997e+00   3.6865179624224771e-23
   3.9399999999999999e+00   3.6958007546019141e-23
   3.9500000000000002e+00   3.7050835467813511e-23
   3.9600000000000000e+00   3.7143663389607876e-23
   3.9699999999999998e+00   3.7236491311402246e-23
   3.9800000000000000e+00   3.7329319233196616e-23
   3.9900000000000002e+00   3.7422147154990986e-23
   4.0000000000000000e+00   3.7514975076785356e-23
   4.0099999999999998e+00   3.7607802998579726e-23
   4.0199999999999996e+00   3.7700630920374090e-23
   4.0300000000000002e+00   3.7793458842168466e-23
   4.0400000000000000e+00   3.7886286763962836e-23
   4.0499999999999998e+00   3.7979114685757200e-23
   4.0599999999999996e+00   3.8071942607551564e-23
   4.0700000000000003e+00   3.8164770529345940e-23
   4.0800000000000001e+00   3.8257598451140310e-23
   4.0899999999999999e+00   3.8350426372934674e-23
   4.0999999999999996e+00   3.8443254294729044e-23
   4.1100000000000003e+00   3.8536082216523420e-23
   4.1200000000000001e+00   3.8628910138317784e-23
   4.1299999999999999e+00   3.8721738060112154e-23
   4.1399999999999997e+00   3.8814565981906518e-23
   4.1500000000000004e+00   3.8907393903700894e-23
   4.1600000000000001e+00   3.9000221825495264e-23
   4.1699999999999999e+00   3.9093049747289628e-23
   4.1799999999999997e+00   3.9185877669083993e-23
   4.1900000000000004e+00   3.9278705590878374e-23
   4.2000000000000002e+00   3.9371533512672738e-23
   4.2100000000000000e+00   3.9464361434467103e-23
   4.2199999999999998e+00   3.9557189356261473e-23
   4.2300000000000004e+00   3.9650017278055849e-23
   4.2400000000000002e+00   3.9742845199850213e-23
   4.2500000000000000e+00   3.9835673121644583e-23
   4.2599999999999998e+00   3.9928501043438947e-23
   4.2699999999999996e+00   4.0021328965233317e-23
   4.2800000000000002e+00   4.0114156887027693e-23
   4.2900000000000000e+00   4.0206984808822057e-23
   4.2999999999999998e+00   4.0299812730616421e-23
   4.3099999999999996e+00   4.0392640652410791e-23
   4.3200000000000003e+00   4.0485468574205167e-23
   4.3300000000000001e+00   4.0578296495999531e-23
   4.3399999999999999e+00   4.0671124417793901e-23
   4.3499999999999996e+00   4.0763952339588271e-23
   4.3600000000000003e+00   4.0856780261382641e-23
   4.3700000000000001e+00   4.0949608183177011e-23
   4.3799999999999999e+00   4.1042436104971375e-23
   4.3899999999999997e+00   4.1135264026765745e-23
   4.4000000000000004e+00   4.1228091948560121e-23
   4.4100000000000001e+00   4.1320919870354485e-23
   4.4199999999999999e+00   4.1413747792148855e-23
   4.4299999999999997e+00   4.1506575713943220e-23
   4.4400000000000004e+00   4.1599403635737595e-23
   4.4500000000000002e+00   4.1692231557531960e-23
   4.4600000000000000e+00   4.1785059479326330e-23
   4.4699999999999998e+00   4.1877887401120700e-23
   4.4800000000000004e+00   4.1970715322915070e-23
   4.4900000000000002e+00   4.2063543244709440e-23
   4.5000000000000000e+00   4.2156371166503810e-23
